1	0.308917	0.702791
4	0.30134	0.0555171
7	0.302337	0.0626743
10	0.312603	0.0700971
13	0.331846	0.0674829
16	0.348814	0.0624657
19	0.358286	0.0648029
22	0.373491	0.0509571
25	0.384737	0.0542657
28	0.385143	0.0562229
31	0.3806	0.05802
34	0.37822	0.0548914
37	0.377891	0.0529
40	0.373091	0.0486571
43	0.368909	0.0463743
46	0.35536	0.0519743
49	0.352	0.0373114
52	0.348491	0.0355629
55	0.34736	0.0349086
58	0.348957	0.0313257
61	0.349306	0.0322086
64	0.347354	0.0307314
67	0.346911	0.0279543
70	0.338537	0.03876
73	0.340523	0.0238571
76	0.339466	0.0261829
79	0.341343	0.0307971
82	0.347097	0.0402257
85	0.358897	0.0535429
88	0.37294	0.0638771
91	0.386103	0.0706857
94	0.401231	0.110306
97	0.414417	0.0820743
100	0.428417	0.0731057
103	0.439949	0.0707486
106	0.443443	0.07584
109	0.445903	0.0788314
112	0.443486	0.0827514
115	0.43698	0.0879771
118	0.429186	0.08988
121	0.420151	0.111154
124	0.428123	0.0899229
127	0.433211	0.0873657
130	0.440429	0.0902229
133	0.441323	0.08548
136	0.44698	0.0799086
139	0.44738	0.0749829
142	0.448814	0.0701029
145	0.437197	0.0850743
148	0.437391	0.0609429
151	0.434843	0.0576486
154	0.431894	0.0551371
157	0.4263	0.0550343
160	0.421563	0.04472
163	0.416857	0.0450143
166	0.413234	0.0445057
169	0.401049	0.0648914
172	0.398986	0.04236
175	0.394957	0.0365943
178	0.393263	0.0351629
181	0.3915	0.03066
184	0.389217	0.03122
187	0.38636	0.0272914
190	0.384809	0.0228057
193	0.382551	0.0173314
196	0.375711	0.0389629
199	0.375743	0.0152771
202	0.375697	0.0111857
205	0.375634	0.0118743
208	0.37562	0.00967429
211	0.375454	0.00997429
214	0.375511	0.00971714
217	0.375703	0.0100743
220	0.377434	0.0349914
223	0.377723	0.0143486
226	0.37784	0.00888
229	0.37686	0.00937714
232	0.37656	0.00938571
235	0.376971	0.01052
238	0.37596	0.0112314
241	0.375951	0.0121314
244	0.37226	0.0386686
247	0.373449	0.0153829
250	0.374511	0.00913143
253	0.374471	0.00705143
256	0.374091	0.00646286
259	0.37402	0.00643143
262	0.3734	0.00623714
265	0.37246	0.00696571
268	0.37228	0.00607714
271	0.368863	0.03054
274	0.368429	0.00926571
277	0.368457	0.00946286
280	0.37152	0.0103686
283	0.374631	0.0120029
286	0.377357	0.0162457
289	0.378203	0.0159086
292	0.376514	0.0135286
295	0.36924	0.0379457
298	0.365226	0.0164771
301	0.361589	0.01102
304	0.360703	0.00987714
307	0.361091	0.0102371
310	0.36172	0.0127714
313	0.361914	0.0142086
316	0.362417	0.0123171
319	0.363634	0.0445571
322	0.3641	0.0164371
325	0.364663	0.0143171
328	0.364971	0.0138857
331	0.365349	0.0141257
334	0.365554	0.00687714
337	0.36522	0.00724857
340	0.368643	0.0128143
343	0.372751	0.0184429
346	0.376154	0.04954
349	0.38126	0.0251229
352	0.38536	0.0246371
355	0.388754	0.0252486
358	0.392671	0.0204571
361	0.394994	0.0180886
364	0.394917	0.0184686
367	0.394809	0.0163257
370	0.393906	0.0418
373	0.393503	0.0177057
376	0.391043	0.0167171
379	0.387583	0.0153229
382	0.387677	0.0186457
385	0.391017	0.0237629
388	0.397431	0.0295486
391	0.406054	0.0374571
394	0.401186	0.0639743
397	0.411014	0.0446171
400	0.414466	0.0433371
403	0.419311	0.0431686
406	0.425486	0.0483857
409	0.433066	0.0545143
412	0.44282	0.0645171
415	0.450886	0.0695371
418	0.457426	0.0752971
421	0.46582	0.125697
424	0.477949	0.0969486
427	0.487274	0.100763
430	0.496154	0.104954
433	0.508411	0.110309
436	0.517257	0.1141
439	0.520634	0.115997
442	0.525246	0.115766
445	0.533634	0.14676
448	0.537103	0.120006
451	0.543094	0.11748
454	0.548866	0.114429
457	0.554563	0.110814
460	0.559349	0.10594
463	0.564406	0.100851
466	0.567597	0.094
469	0.57744	0.124757
472	0.578414	0.08322
475	0.578843	0.0773029
478	0.580197	0.0717743
481	0.580391	0.0756143
484	0.58082	0.0688914
487	0.58104	0.0618657
490	0.580917	0.0563914
493	0.580974	0.0539743
496	0.574963	0.0864429
499	0.574197	0.05378
502	0.573606	0.0537314
505	0.571626	0.0549857
508	0.570866	0.0561257
511	0.571731	0.0627914
514	0.574257	0.0693686
517	0.590149	0.06552
520	0.61844	0.136463
523	0.636003	0.0724457
526	0.6438	0.0760114
529	0.648586	0.0724114
532	0.651489	0.0714943
535	0.651657	0.0710257
538	0.653149	0.06968
541	0.654903	0.06842
544	0.664074	0.129397
547	0.662066	0.0703571
550	0.660834	0.0677
553	0.660906	0.0594257
556	0.659271	0.0573371
559	0.658863	0.0568571
562	0.658643	0.07224
565	0.658266	0.07874
568	0.658803	0.0861714
571	0.655306	0.11306
574	0.655114	0.0639029
577	0.654474	0.0410771
580	0.653843	0.0346714
583	0.654046	0.0349886
586	0.653126	0.03934
589	0.653289	0.0384971
592	0.655514	0.04432
595	0.666803	0.105943
598	0.672257	0.0547
601	0.674186	0.0543257
604	0.67784	0.0487971
607	0.687906	0.0495571
610	0.692766	0.0510114
613	0.693274	0.05252
616	0.696263	0.05554
619	0.708294	0.12004
622	0.708023	0.0617286
625	0.707786	0.0607086
628	0.707574	0.05852
631	0.711069	0.0575257
634	0.712726	0.0551914
637	0.713003	0.0531429
640	0.713414	0.0487743
643	0.713	0.0489771
646	0.715917	0.0998714
649	0.714757	0.0493714
652	0.713706	0.0515829
655	0.712717	0.0502886
658	0.711086	0.0476229
661	0.710334	0.04794
664	0.709243	0.0464
667	0.708466	0.0475886
670	0.707669	0.0999771
673	0.70642	0.0565029
676	0.70504	0.0518714
679	0.703826	0.0476514
682	0.703257	0.0492886
685	0.703103	0.0452629
688	0.701991	0.0424
691	0.702029	0.04168
694	0.701157	0.102597
697	0.701529	0.05108
700	0.701243	0.0464971
703	0.70128	0.0406086
706	0.701489	0.0369457
709	0.701523	0.0367657
712	0.701629	0.03554
715	0.702086	0.0338086
718	0.702411	0.02518
721	0.703697	0.0765286
724	0.703746	0.0271571
727	0.703789	0.0236886
730	0.70402	0.0197286
733	0.703831	0.0153314
736	0.703766	0.0144686
739	0.703726	0.01044
742	0.703697	0.00654
745	0.703349	0.0531514
748	0.703477	0.0102171
751	0.703497	0.00772571
754	0.703594	0.00524
757	0.70402	0.00516857
760	0.703963	0.00536286
763	0.704014	0.00542286
766	0.70408	0.00534571
769	0.706234	0.0583514
772	0.706591	0.00832571
775	0.70648	0.00675429
778	0.706511	0.00721143
781	0.706217	0.00639429
784	0.705574	0.00792571
787	0.704794	0.0126971
790	0.70434	0.0161143
793	0.703849	0.0174257
796	0.700843	0.0590657
799	0.699714	0.0275857
802	0.698217	0.0297229
805	0.698274	0.0303143
808	0.697394	0.0290257
811	0.697611	0.0281543
814	0.697723	0.0276543
817	0.698934	0.0261171
820	0.702114	0.0722771
823	0.702623	0.01938
826	0.703989	0.0177571
829	0.704511	0.0144829
832	0.705106	0.0106886
835	0.705766	0.00864
838	0.706417	0.00731714
841	0.706469	0.00788857
844	0.70734	0.0514229
847	0.707726	0.0127371
850	0.707449	0.00946857
853	0.707191	0.00875429
856	0.707403	0.00850286
859	0.70718	0.00739143
862	0.706931	0.00826286
865	0.706729	0.0107771
868	0.707097	0.00923429
871	0.70696	0.0419914
874	0.706786	0.00983429
877	0.706777	0.00956571
880	0.705843	0.0428714
883	0.706049	0.00818571
886	0.706049	0.00835143
889	0.706263	0.00833143
892	0.706414	0.00955714
895	0.706686	0.0078
898	0.706774	0.00782571
901	0.706643	0.00773714
904	0.70608	0.0422971
907	0.706223	0.00875714
910	0.706394	0.00928286
913	0.706409	0.00663714
916	0.706454	0.00772571
919	0.706346	0.00516
922	0.70658	0.00312
925	0.706557	0.00243143
928	0.706589	0.00138857
931	0.705917	0.0341257
934	0.7059	0.00523429
937	0.705494	0.00562571
940	0.70526	0.00788857
943	0.704977	0.00802286
946	0.704906	0.00720571
949	0.70516	0.00641429
952	0.705403	0.00585429
955	0.705371	0.0396771
958	0.705089	0.00878
961	0.705269	0.00959143
964	0.705317	0.00776571
967	0.705369	0.00577143
970	0.705126	0.0068
973	0.704537	0.00753714
976	0.704289	0.00902571
979	0.70294	0.0492343
982	0.703269	0.0147571
985	0.70348	0.0129
988	0.703917	0.00912571
991	0.703829	0.00816571
994	0.704177	0.00724571
997	0.704126	0.00710857
1000	0.704494	0.00828
1003	0.704674	0.00691714
1006	0.703903	0.0411286
1009	0.703989	0.00743714
1012	0.703094	0.04718
1015	0.702823	0.0110029
1018	0.703111	0.01132
1021	0.703294	0.0102971
1024	0.702743	0.00930286
1027	0.702769	0.00873714
1030	0.702826	0.00700286
1033	0.70286	0.00847143
1036	0.703463	0.0431
1039	0.703254	0.0105286
1042	0.703354	0.0130943
1045	0.703746	0.0130114
1048	0.703394	0.01296
1051	0.703491	0.0122171
1054	0.70374	0.00872286
1057	0.703743	0.00915429
1060	0.702766	0.0533057
1063	0.702554	0.0133771
1066	0.702406	0.0106829
1069	0.702814	0.00895714
1072	0.702923	0.0103229
1075	0.702837	0.00723429
1078	0.7029	0.00691429
1081	0.7027	0.00685429
1084	0.702703	0.00767714
1087	0.701969	0.0461914
1090	0.702617	0.0137829
1093	0.702443	0.0106171
1096	0.702557	0.00979714
1099	0.702497	0.0113086
1102	0.702106	0.0109657
1105	0.701909	0.0103057
1108	0.702014	0.00983429
1111	0.701449	0.0499143
1114	0.701897	0.0142829
1117	0.70162	0.01312
1120	0.702189	0.0119971
1123	0.702969	0.0120514
1126	0.702234	0.0127029
1129	0.701597	0.0162943
1132	0.701843	0.0187371
1135	0.702517	0.0587286
1138	0.702246	0.0221514
1141	0.702474	0.019
1144	0.702106	0.0156771
1147	0.702103	0.0146686
1150	0.70224	0.0144257
1153	0.702749	0.0156714
1156	0.702526	0.0145714
1159	0.702469	0.0159629
1162	0.701551	0.0522057
1165	0.701417	0.0190686
1168	0.701969	0.01846
1171	0.70224	0.0166657
1174	0.70248	0.01464
1177	0.702323	0.0133486
1180	0.702434	0.0127114
1183	0.702414	0.0128371
1186	0.702546	0.0559486
1189	0.702723	0.0177686
1192	0.702377	0.0141886
1195	0.702317	0.0129829
1198	0.702454	0.0112371
1201	0.702563	0.00736
1204	0.70218	0.00607143
1207	0.702354	0.00483143
1210	0.703083	0.04726
1213	0.702654	0.00958857
1216	0.702509	0.0081
1219	0.702323	0.00569429
1222	0.702403	0.00622571
1225	0.702483	0.00706286
1228	0.702809	0.00966
1231	0.702874	0.0103857
1234	0.702337	0.0115943
1237	0.700866	0.0451657
1240	0.70068	0.0134
1243	0.700974	0.0140286
1246	0.701409	0.0120943
1249	0.701357	0.0114629
1252	0.701429	0.00911143
1255	0.701683	0.00864571
1258	0.7019	0.00858286
1261	0.701411	0.04972
1264	0.701823	0.0105257
1267	0.701611	0.0107057
1270	0.701726	0.00915714
1273	0.702137	0.00846571
1276	0.702531	0.0103257
1279	0.703014	0.01238
1282	0.703166	0.0115714
1285	0.703106	0.0488657
1288	0.702889	0.0152971
1291	0.702951	0.0137257
1294	0.703183	0.0133371
1297	0.702531	0.01552
1300	0.702954	0.0136029
1303	0.703551	0.01264
1306	0.703423	0.0102257
1309	0.703051	0.0102571
1312	0.701629	0.0480714
1315	0.701517	0.0143829
1318	0.701563	0.0102971
1321	0.701706	0.00874
1324	0.701969	0.00759143
1327	0.702434	0.00602
1330	0.702666	0.00600857
1333	0.702823	0.00626857
1336	0.703366	0.0524686
1339	0.703514	0.01424
1342	0.7036	0.0128943
1345	0.703494	0.0116771
1348	0.703237	0.01174
1351	0.703277	0.0126429
1354	0.702926	0.0147571
1357	0.702877	0.0158714
1360	0.702211	0.0659057
1363	0.70178	0.0230743
1366	0.701789	0.0217514
1369	0.701306	0.0188086
1372	0.701843	0.0198629
1375	0.701883	0.0157371
1378	0.701866	0.0134886
1381	0.702283	0.0127429
1384	0.702489	0.0111457
1387	0.704223	0.0515571
1390	0.703969	0.0160457
1393	0.704274	0.01114
1396	0.704477	0.0131857
1399	0.704897	0.0101543
1402	0.704897	0.00835429
1405	0.705111	0.00832571
1408	0.70496	0.0091
1411	0.704363	0.0508143
1414	0.7044	0.0166029
1417	0.704437	0.0188286
1420	0.704257	0.0202571
1423	0.704417	0.0244343
1426	0.704289	0.0328657
1429	0.704306	0.0454686
1432	0.703874	0.0528371
1435	0.705583	0.0947429
1438	0.70606	0.0683886
1441	0.706091	0.0822343
1444	0.706846	0.09396
1447	0.7091	0.102266
1450	0.709183	0.108766
1453	0.709634	0.112054
1456	0.709637	0.123043
1459	0.710754	0.128077
1462	0.711626	0.15216
1465	0.71186	0.151114
1468	0.71306	0.182417
1471	0.714297	0.196169
1474	0.714709	0.212074
1477	0.715471	0.217126
1480	0.715371	0.221526
1483	0.717243	0.230877
1486	0.719637	0.245571
1489	0.7224	0.249537
1492	0.724966	0.265989
1495	0.72738	0.274977
1498	0.725751	0.280669
1501	0.724649	0.277986
1504	0.724983	0.285926
1507	0.72782	0.28682
1510	0.731234	0.293754
1513	0.731697	0.284274
1516	0.733126	0.306943
1519	0.734266	0.296123
1522	0.733569	0.309917
1525	0.735231	0.297843
1528	0.737214	0.301169
1531	0.734894	0.303154
1534	0.735623	0.303166
1537	0.733743	0.313477
1540	0.734226	0.318883
1543	0.73582	0.327143
1546	0.738771	0.337629
1549	0.738877	0.371589
1552	0.742469	0.344106
1555	0.745549	0.343951
1558	0.747003	0.344243
1561	0.745094	0.348074
1564	0.743391	0.344086
1567	0.743354	0.348797
1570	0.743417	0.356957
1573	0.745077	0.368789
1576	0.746551	0.373957
1579	0.748746	0.376257
1582	0.747597	0.38292
1585	0.7487	0.384351
1588	0.746671	0.381323
1591	0.745954	0.385817
1594	0.74038	0.3921
1597	0.734909	0.398054
1600	0.733626	0.405703
1603	0.734474	0.413826
1606	0.736603	0.420546
1609	0.736763	0.420803
1612	0.73772	0.422834
1615	0.741271	0.410434
1618	0.740769	0.395577
1621	0.740249	0.394809
1624	0.746291	0.388637
1627	0.747549	0.379483
1630	0.743703	0.379909
1633	0.73992	0.376794
1636	0.740949	0.383734
1639	0.74284	0.374614
1642	0.742377	0.373403
1645	0.7429	0.363271
1648	0.74108	0.350057
1651	0.737486	0.344309
1654	0.735906	0.346257
1657	0.729806	0.348606
1660	0.728977	0.354157
1663	0.732034	0.342986
1666	0.734206	0.347497
1669	0.735971	0.351843
1672	0.740669	0.356437
1675	0.736754	0.357054
1678	0.729989	0.355286
1681	0.726234	0.356343
1684	0.722911	0.352597
1687	0.720671	0.356003
1690	0.721049	0.349997
1693	0.725266	0.358154
1696	0.721506	0.349609
1699	0.71958	0.339449
1702	0.72214	0.336403
1705	0.720917	0.338806
1708	0.720934	0.330426
1711	0.717037	0.32802
1714	0.7147	0.328243
1717	0.713294	0.324617
1720	0.718723	0.315617
1723	0.720277	0.313231
1726	0.728557	0.312577
1729	0.734894	0.311223
1732	0.727949	0.347026
1735	0.695623	0.369731
1738	0.692249	0.337006
1741	0.686577	0.346314
1744	0.675471	0.342637
1747	0.637274	0.36492
1750	0.63056	0.32016
1753	0.599063	0.338817
1756	0.583486	0.323323
1759	0.570663	0.314731
1762	0.552263	0.308186
1765	0.540634	0.309923
1768	0.559129	0.304329
1771	0.574083	0.308823
1774	0.591257	0.309649
1777	0.611889	0.300609
1780	0.624251	0.285443
1783	0.623117	0.269683
1786	0.617843	0.266097
1789	0.614029	0.24192
1792	0.602814	0.231431
1795	0.594869	0.221837
1798	0.594671	0.226589
1801	0.601431	0.24496
1804	0.606846	0.253814
1807	0.606517	0.258649
1810	0.60252	0.282066
1813	0.603091	0.254863
1816	0.6008	0.254997
1819	0.592157	0.260934
1822	0.579086	0.257569
1825	0.55578	0.256614
1828	0.53354	0.260043
1831	0.52582	0.259691
1834	0.520269	0.249951
1837	0.499489	0.241411
1840	0.498371	0.225109
1843	0.499906	0.21182
1846	0.511317	0.19064
1849	0.515691	0.173866
1852	0.520554	0.158769
1855	0.514077	0.1607
1858	0.498991	0.167531
1861	0.499411	0.178314
1864	0.493171	0.16608
1867	0.487529	0.165054
1870	0.493026	0.178929
1873	0.50398	0.184403
1876	0.519489	0.186771
1879	0.530491	0.195983
1882	0.52728	0.217897
1885	0.510774	0.238637
1888	0.513526	0.234966
1891	0.521169	0.248206
1894	0.52844	0.253134
1897	0.509754	0.280266
1900	0.512017	0.303591
1903	0.549474	0.328986
1906	0.593806	0.353506
1909	0.618391	0.346334
1912	0.633317	0.340074
1915	0.653949	0.322306
1918	0.676846	0.308237
1921	0.689463	0.290566
1924	0.665266	0.301129
1927	0.642923	0.253063
1930	0.610986	0.237326
1933	0.527143	0.242069
1936	0.46916	0.211597
1939	0.442909	0.183614
1942	0.430837	0.166806
1945	0.426149	0.148234
1948	0.416006	0.134417
1951	0.394223	0.113871
1954	0.379123	0.09634
1957	0.365751	0.0760886
1960	0.364483	0.0806771
1963	0.360694	0.0538229
1966	0.354489	0.0459114
1969	0.342283	0.0345914
1972	0.326506	0.0231857
1975	0.312009	0.0111257
1978	0.301803	0.00687714
1981	0.294403	0.00678571
1984	0.280051	0.00676857
1987	0.248049	0.0158171
1990	0.246003	0.00824
1993	0.245123	0.00832286
1996	0.240443	0.009
1999	0.227397	0.0101029
2002	0.236266	0.0371714
2005	0.256366	0.0638029
2008	0.282346	0.0983971
2011	0.318383	0.13198
2014	0.398534	0.163371
2017	0.46628	0.177891
2020	0.507571	0.198114
2023	0.542997	0.227154
2026	0.596691	0.261949
2029	0.640086	0.272454
2032	0.650274	0.265134
2035	0.66296	0.271631
2038	0.668574	0.262409
2041	0.637994	0.25638
2044	0.565954	0.215666
2047	0.505803	0.193754
2050	0.472814	0.179477
2053	0.435049	0.1583
2056	0.398237	0.141886
2059	0.363	0.116689
2062	0.320363	0.104343
2065	0.310671	0.0813057
2068	0.305689	0.0629171
2071	0.302766	0.0543486
2074	0.292851	0.0429543
2077	0.276334	0.0283943
2080	0.254017	0.0222686
2083	0.240409	0.0127514
2086	0.2312	0.0158571
2089	0.23092	0.00933429
2092	0.23086	0.00782857
2095	0.230846	0.00873429
2098	0.2354	0.00967429
2101	0.246826	0.0209829
2104	0.262731	0.0331971
2107	0.281026	0.0445229
2110	0.311357	0.0692771
2113	0.371169	0.0677514
2116	0.47266	0.0798771
2119	0.57546	0.0864457
2122	0.65052	0.0963857
2125	0.696963	0.109306
2128	0.734494	0.129749
2131	0.751054	0.132283
2134	0.763697	0.144466
2137	0.770226	0.148343
2140	0.769174	0.148294
2143	0.765466	0.1538
2146	0.766374	0.159446
2149	0.76858	0.159934
2152	0.759466	0.171429
2155	0.721554	0.187174
2158	0.674583	0.202297
2161	0.635863	0.2062
2164	0.626046	0.18892
2167	0.619674	0.175114
2170	0.615526	0.1606
2173	0.611643	0.144646
2176	0.569949	0.149269
2179	0.496243	0.12782
2182	0.43016	0.0971057
2185	0.340737	0.11332
2188	0.323557	0.0654429
2191	0.30572	0.0578457
2194	0.287094	0.0457143
2197	0.271951	0.03636
2200	0.258846	0.0277657
2203	0.252323	0.0189429
2206	0.247709	0.0160086
2209	0.241711	0.0118543
2212	0.222291	0.0147686
2215	0.221591	0.00469714
2218	0.220594	0.00386571
2221	0.221646	0.00386857
2224	0.220703	0.00456
2227	0.219506	0.00394
2230	0.21864	0.00527143
2233	0.218189	0.00404
2236	0.217909	0.00962857
2239	0.219251	0.00484857
2242	0.21924	0.00602
2245	0.22028	0.0054
2248	0.220757	0.00617714
2251	0.222243	0.00618
2254	0.223071	0.00819429
2257	0.221817	0.00776
2260	0.223654	0.01472
2263	0.223834	0.00859143
2266	0.230166	0.0182057
2269	0.24622	0.0410114
2272	0.266014	0.0651514
2275	0.292806	0.0865543
2278	0.31832	0.10132
2281	0.332251	0.110309
2284	0.342766	0.112503
2287	0.340151	0.122437
2290	0.345543	0.11366
2293	0.340091	0.111757
2296	0.327411	0.10694
2299	0.321197	0.115171
2302	0.321017	0.124191
2305	0.320169	0.126763
2308	0.314491	0.118614
2311	0.302469	0.126009
2314	0.302886	0.115729
2317	0.302897	0.107126
2320	0.29474	0.0978429
2323	0.290291	0.0878171
2326	0.28852	0.0781771
2329	0.275794	0.0696314
2332	0.254286	0.0596
2335	0.232837	0.0580657
2338	0.228037	0.0423714
2341	0.225923	0.0379971
2344	0.222786	0.0326
2347	0.218414	0.0277514
2350	0.222031	0.0311657
2353	0.22878	0.0374114
2356	0.240429	0.0347543
2359	0.248894	0.0297286
2362	0.248663	0.0314686
2365	0.241466	0.0244829
2368	0.232	0.0234029
2371	0.223089	0.0227143
2374	0.218197	0.0215429
2377	0.215037	0.0202286
2380	0.210989	0.0190029
2383	0.21202	0.0296114
2386	0.216474	0.0640171
2389	0.262923	0.0839
2392	0.335257	0.09896
2395	0.41524	0.0992657
2398	0.463883	0.0929143
2401	0.485414	0.0885086
2404	0.494997	0.08732
2407	0.499137	0.0817029
2410	0.439266	0.0941771
2413	0.406897	0.07176
2416	0.358069	0.0539543
2419	0.30496	0.04588
2422	0.264697	0.0323229
2425	0.239526	0.0217143
2428	0.223826	0.0133943
2431	0.216523	0.00799714
2434	0.222969	0.03274
2437	0.232354	0.0677971
2440	0.262003	0.0724771
2443	0.282329	0.0713771
2446	0.288326	0.0681229
2449	0.279803	0.0655857
2452	0.253326	0.0620543
2455	0.236969	0.0580914
2458	0.23682	0.05624
2461	0.228454	0.0585914
2464	0.22052	0.0433514
2467	0.218489	0.0370057
2470	0.21976	0.0286571
2473	0.213063	0.0210857
2476	0.208589	0.02368
2479	0.212117	0.0324714
2482	0.230343	0.0308886
2485	0.243146	0.0366371
2488	0.245677	0.0284171
2491	0.238037	0.0266886
2494	0.231929	0.0254914
2497	0.22544	0.0244457
2500	0.21906	0.0238314
2503	0.21798	0.0215314
2506	0.214814	0.0226829
2509	0.221406	0.04042
2512	0.230006	0.0681857
2515	0.259531	0.0906314
2518	0.287414	0.103994
2521	0.325794	0.102743
2524	0.378397	0.104386
2527	0.406811	0.103314
2530	0.418249	0.0994857
2533	0.423334	0.0958943
2536	0.411943	0.101643
2539	0.401103	0.0930629
2542	0.359303	0.0920486
2545	0.32494	0.0923629
2548	0.276323	0.0819286
2551	0.263211	0.0706
2554	0.257097	0.0576857
2557	0.250683	0.0446657
2560	0.216454	0.0447143
2563	0.205103	0.0252914
2566	0.196534	0.0155714
2569	0.192089	0.00584
2572	0.191189	0.00218857
2575	0.190823	0.00111714
2578	0.190817	0.00100571
2581	0.19096	0.000697143
2584	0.190794	0.00106571
2587	0.189317	0.00804571
2590	0.189331	0.00134857
2593	0.189103	0.00128857
2596	0.189346	0.00124
2599	0.189471	0.00161143
2602	0.188926	0.00062
2605	0.188917	0.000774286
2608	0.188871	0.000597143
2611	0.188063	0.00655143
2614	0.188511	0.0018
2617	0.1885	0.00166857
2620	0.188689	0.00154
2623	0.190691	0.00404857
2626	0.210403	0.0269143
2629	0.231806	0.0539543
2632	0.250897	0.0677029
2635	0.256023	0.0771143
2638	0.266229	0.09082
2641	0.290417	0.112006
2644	0.325006	0.155023
2647	0.373969	0.188754
2650	0.423994	0.212577
2653	0.484983	0.219011
2656	0.524463	0.218066
2659	0.5438	0.214669
2662	0.550937	0.214671
2665	0.538426	0.196246
2668	0.532411	0.194709
2671	0.533323	0.190997
2674	0.523957	0.185291
2677	0.493446	0.183006
2680	0.446931	0.178403
2683	0.412071	0.153886
2686	0.3691	0.161183
2689	0.376054	0.125997
2692	0.389569	0.106497
2695	0.397294	0.0966429
2698	0.392223	0.0883343
2701	0.375623	0.0750543
2704	0.360906	0.0621514
2707	0.352211	0.0510686
2710	0.345177	0.0482771
2713	0.34708	0.0401057
2716	0.347391	0.0391514
2719	0.342109	0.0414629
2722	0.320914	0.0380629
2725	0.308343	0.0387343
2728	0.307311	0.0484829
2731	0.309871	0.05914
2734	0.311329	0.0755429
2737	0.290757	0.0865657
2740	0.294191	0.0801686
2743	0.297571	0.0787229
2746	0.30056	0.07838
2749	0.309926	0.0850514
2752	0.31462	0.0879914
2755	0.317251	0.08538
2758	0.319149	0.0851829
2761	0.307969	0.08974
2764	0.3051	0.0792971
2767	0.297649	0.0766314
2770	0.2931	0.0666371
2773	0.289803	0.0664371
2776	0.28424	0.0664371
2779	0.279791	0.0641371
2782	0.275183	0.0593886
2785	0.262197	0.0702686
2788	0.260357	0.0549657
2791	0.259143	0.05118
2794	0.256749	0.0487343
2797	0.25416	0.0456057
2800	0.253034	0.0413914
2803	0.251783	0.0396314
2806	0.251169	0.0347571
2809	0.251877	0.0272914
2812	0.248549	0.04018
2815	0.248666	0.0209657
2818	0.248443	0.0177143
2821	0.248283	0.0120714
2824	0.24848	0.0121457
2827	0.247786	0.0101971
2830	0.246966	0.0150114
2833	0.246343	0.0167143
2836	0.247551	0.0346086
2839	0.247871	0.0137171
2842	0.24776	0.0121429
2845	0.24744	0.01198
2848	0.247106	0.0111286
2851	0.248851	0.0117
2854	0.248831	0.0113486
2857	0.245997	0.0121457
2860	0.243294	0.0354943
2863	0.243503	0.0130257
2866	0.244649	0.0151543
2869	0.245746	0.0196257
2872	0.246046	0.0176029
2875	0.2459	0.0162771
2878	0.250857	0.01862
2881	0.264271	0.0286343
2884	0.273389	0.03514
2887	0.280403	0.0656143
2890	0.282606	0.0422
2893	0.282157	0.0403
2896	0.279174	0.03546
2899	0.274714	0.0320771
2902	0.270874	0.0295657
2905	0.267894	0.0256086
2908	0.267046	0.0259886
2911	0.263154	0.0520629
2914	0.263274	0.0248143
2917	0.26264	0.0247543
2920	0.26134	0.0253314
2923	0.26134	0.0250171
2926	0.260483	0.0238571
2929	0.260863	0.0252657
2932	0.263449	0.0270171
2935	0.261677	0.0543
2938	0.259251	0.0276743
2941	0.262529	0.0283743
2944	0.268486	0.03028
2947	0.27882	0.03778
2950	0.292194	0.0449771
2953	0.304434	0.0500029
2956	0.327777	0.0537
2959	0.404223	0.0566971
2962	0.473623	0.0959657
2965	0.538637	0.0588771
2968	0.600614	0.06488
2971	0.62922	0.0657629
2974	0.672446	0.0696686
2977	0.688637	0.0708914
2980	0.696631	0.07358
2983	0.717234	0.0759971
2986	0.738831	0.13538
2989	0.741711	0.0984429
2992	0.747369	0.105766
2995	0.750569	0.118949
2998	0.751849	0.129829
3001	0.755971	0.131843
3004	0.757386	0.135429
3007	0.755606	0.146846
3010	0.754797	0.174537
3013	0.750103	0.145257
3016	0.75076	0.15354
3019	0.751371	0.158317
3022	0.75274	0.151117
3025	0.753929	0.1445
3028	0.756154	0.139037
3031	0.758054	0.129846
3034	0.758214	0.128834
3037	0.762251	0.155051
3040	0.762891	0.135729
3043	0.76384	0.123617
3046	0.764309	0.108614
3049	0.763689	0.0951457
3052	0.763303	0.0843571
3055	0.762943	0.0830371
3058	0.76208	0.0876057
3061	0.763074	0.129486
3064	0.757849	0.09544
3067	0.755334	0.103974
3070	0.754611	0.111591
3073	0.753411	0.114123
3076	0.751514	0.111251
3079	0.750474	0.112234
3082	0.750426	0.118317
3085	0.751251	0.16648
3088	0.752257	0.121543
3091	0.753074	0.122897
3094	0.753091	0.11772
3097	0.752954	0.10824
3100	0.752346	0.0964714
3103	0.753103	0.0894943
3106	0.752957	0.0822714
3109	0.753006	0.0753571
3112	0.751909	0.111526
3115	0.750874	0.0659571
3118	0.750374	0.05758
3121	0.749349	0.05458
3124	0.748189	0.0538029
3127	0.749654	0.0578
3130	0.749226	0.0570686
3133	0.745569	0.0569686
3136	0.745226	0.0965857
3139	0.744454	0.0510314
3142	0.743994	0.0486543
3145	0.744091	0.0443971
3148	0.744611	0.0451143
3151	0.745097	0.0406971
3154	0.7446	0.0387086
3157	0.744823	0.0378257
3160	0.744749	0.0959457
3163	0.744989	0.0440029
3166	0.744911	0.0394886
3169	0.744274	0.0352657
3172	0.744297	0.0303029
3175	0.743857	0.0351371
3178	0.741749	0.0407229
3181	0.740791	0.0431514
3184	0.738537	0.0478714
3187	0.737263	0.101274
3190	0.734997	0.0581743
3193	0.733534	0.0537143
3196	0.733491	0.04856
3199	0.732871	0.0436743
3202	0.73256	0.0364486
3205	0.732211	0.0338829
3208	0.731409	0.0318229
3211	0.730711	0.0829514
3214	0.731011	0.0282886
3217	0.730491	0.0227314
3220	0.730131	0.0207057
3223	0.729894	0.0180514
3226	0.72928	0.0182
3229	0.728797	0.0210229
3232	0.728363	0.0205371
3235	0.728806	0.07634
3238	0.7287	0.0196829
3241	0.728737	0.0146286
3244	0.728426	0.01306
3247	0.728311	0.0138457
3250	0.727609	0.0113829
3253	0.728	0.0127629
3256	0.727503	0.0117486
3259	0.727609	0.00929429
3262	0.727726	0.0581714
3265	0.72792	0.0110029
3268	0.727691	0.0108629
3271	0.727431	0.00877143
3274	0.727337	0.00940571
3277	0.727849	0.00972286
3280	0.728366	0.00640571
3283	0.7287	0.00874857
3286	0.731223	0.0566714
3289	0.731309	0.01008
3292	0.731137	0.00954286
3295	0.73116	0.00894286
3298	0.730897	0.00893143
3301	0.730734	0.00803429
3304	0.730814	0.00816857
3307	0.730626	0.00673429
3310	0.730397	0.0545343
3313	0.729229	0.0159571
3316	0.729486	0.01456
3319	0.729237	0.0140371
3322	0.728843	0.0151771
3325	0.729489	0.0143543
3328	0.729834	0.0161943
3331	0.730269	0.0157971
3334	0.729986	0.01626
3337	0.730783	0.0560657
3340	0.730666	0.0229686
3343	0.730803	0.0202743
3346	0.730503	0.0191343
3349	0.730051	0.0172943
3352	0.729051	0.0171343
3355	0.729017	0.0180257
3358	0.729203	0.0173743
3361	0.7292	0.0555914
3364	0.728943	0.0215743
3367	0.729031	0.0197629
3370	0.72908	0.0153486
3373	0.730137	0.0138657
3376	0.73064	0.0107229
3379	0.730843	0.00696571
3382	0.7309	0.00682857
3385	0.731309	0.0499743
3388	0.731426	0.0126743
3391	0.731349	0.0104171
3394	0.731117	0.00929714
3397	0.730517	0.00769714
3400	0.730746	0.00529714
3403	0.730714	0.00607714
3406	0.730631	0.00546286
3409	0.73068	0.00587714
3412	0.731306	0.0439486
3415	0.73128	0.00928286
3418	0.731237	0.00772571
3421	0.73132	0.00899429
3424	0.731243	0.00514857
3427	0.731094	0.00420286
3430	0.731123	0.00351143
3433	0.732026	0.0041
3436	0.735551	0.0484543
3439	0.735357	0.00728571
3442	0.735434	0.00721429
3445	0.735471	0.00475714
3448	0.735543	0.00386286
3451	0.735434	0.00381429
3454	0.735463	0.00402286
3457	0.735314	0.00455429
3460	0.735137	0.0444914
3463	0.735303	0.0124943
3466	0.735514	0.0105743
3469	0.735351	0.00826286
3472	0.735137	0.00793714
3475	0.735031	0.00479143
3478	0.734731	0.00293429
3481	0.734649	0.00347714
3484	0.734634	0.0025
3487	0.73558	0.0361343
3490	0.7357	0.00672
3493	0.73538	0.00433143
3496	0.735214	0.00425143
3499	0.734966	0.00222571
3502	0.735154	0.00318571
3505	0.734989	0.00300571
3508	0.734849	0.00334571
3511	0.735343	0.03556
3514	0.735486	0.00594857
3517	0.735286	0.00282286
3520	0.735457	0.00217714
3523	0.73536	0.00185429
3526	0.735189	0.00117714
3529	0.734997	0.000771429
3532	0.735106	0.000862857
3535	0.735471	0.0347914
3538	0.735297	0.00447429
3541	0.735094	0.00397714
3544	0.735066	0.00379143
3547	0.734966	0.00577429
3550	0.734863	0.00570857
3553	0.734849	0.00482
3556	0.73478	0.0059
3559	0.73462	0.00581714
3562	0.734426	0.0309171
3565	0.734509	0.00622286
3568	0.734737	0.00502571
3571	0.735166	0.0367343
3574	0.735174	0.00642857
3577	0.734951	0.00482286
3580	0.734891	0.00564
3583	0.734754	0.00599714
3586	0.734329	0.00614857
3589	0.734631	0.00540286
3592	0.734494	0.00617714
3595	0.734034	0.0387743
3598	0.734131	0.00808
3601	0.734226	0.00662857
3604	0.734237	0.00371714
3607	0.734391	0.00449143
3610	0.734546	0.00304571
3613	0.735037	0.00412571
3616	0.73506	0.00515429
3619	0.735783	0.04112
3622	0.735743	0.0142
3625	0.735654	0.0138171
3628	0.735526	0.00975714
3631	0.734786	0.00827429
3634	0.73446	0.00773714
3637	0.734243	0.00735714
3640	0.733997	0.00722571
3643	0.734	0.00691143
3646	0.73438	0.0374686
3649	0.73444	0.0116829
3652	0.734714	0.00862857
3655	0.734783	0.00737143
3658	0.734829	0.00620857
3661	0.734523	0.00508857
3664	0.73486	0.00372857
3667	0.734837	0.00494286
3670	0.73564	0.0373343
3673	0.734906	0.0110514
3676	0.734706	0.0116371
3679	0.735211	0.0101
3682	0.735169	0.0132514
3685	0.735037	0.00998286
3688	0.735134	0.00746286
3691	0.734883	0.00435714
3694	0.735386	0.0381686
3697	0.734749	0.0191057
3700	0.734769	0.0252714
3703	0.735046	0.0294486
3706	0.734926	0.0307429
3709	0.734191	0.0306971
3712	0.733743	0.0298829
3715	0.733251	0.0279143
3718	0.732669	0.0281314
3721	0.732583	0.0545914
3724	0.732743	0.0295429
3727	0.733209	0.0279314
3730	0.73318	0.0267857
3733	0.732897	0.0265371
3736	0.732377	0.0269514
3739	0.731934	0.0257286
3742	0.731486	0.0255943
3745	0.732291	0.04992
3748	0.732406	0.0240657
3751	0.73214	0.0214829
3754	0.73174	0.0183829
3757	0.731766	0.0148886
3760	0.731514	0.00552571
3763	0.73072	0.00647429
3766	0.729266	0.00682
3769	0.729794	0.0447114
3772	0.73008	0.0144371
3775	0.73062	0.0175714
3778	0.730869	0.0184
3781	0.732329	0.0210029
3784	0.732074	0.0188114
3787	0.731751	0.0195429
3790	0.731723	0.0169343
3793	0.731583	0.0180571
3796	0.731314	0.06222
3799	0.730109	0.0349829
3802	0.729497	0.03634
3805	0.728851	0.03766
3808	0.728749	0.0390971
3811	0.728774	0.0375686
3814	0.729134	0.0334429
3817	0.729443	0.0290543
3820	0.733866	0.0782371
3823	0.733666	0.0183429
3826	0.733817	0.00930571
3829	0.733823	0.0065
3832	0.734103	0.00555429
3835	0.733691	0.00636571
3838	0.733329	0.00548857
3841	0.732994	0.00572857
3844	0.732763	0.0478943
3847	0.732937	0.0131657
3850	0.733123	0.01042
3853	0.733149	0.00824
3856	0.732997	0.00837143
3859	0.732603	0.00872857
3862	0.733246	0.00876
3865	0.733223	0.0118086
3868	0.733569	0.0114543
3871	0.734823	0.0458371
3874	0.735151	0.0143829
3877	0.735669	0.01062
3880	0.73584	0.0124143
3883	0.735406	0.0125629
3886	0.735037	0.00877429
3889	0.735174	0.00858
3892	0.735026	0.0124257
3895	0.734254	0.0519971
3898	0.734386	0.0235657
3901	0.732514	0.0249229
3904	0.734103	0.0212343
3907	0.734449	0.0177143
3910	0.734423	0.0136571
3913	0.734117	0.0120657
3916	0.73414	0.0108629
3919	0.734511	0.0489686
3922	0.734454	0.0150886
3925	0.734809	0.0113286
3928	0.734809	0.0106943
3931	0.733797	0.0105029
3934	0.7344	0.00961714
3937	0.734977	0.00627429
3940	0.734894	0.00794571
3943	0.734677	0.00827143
3946	0.735043	0.0369371
3949	0.735409	0.00772857
3952	0.735277	0.00585429
3955	0.735346	0.00505143
3958	0.735354	0.00728286
3961	0.734983	0.00894857
3964	0.734483	0.00897714
3967	0.735037	0.00646857
3970	0.735537	0.0442943
3973	0.735291	0.00925143
3976	0.735606	0.00711143
3979	0.735534	0.00857143
3982	0.733934	0.0112143
3985	0.731203	0.0124343
3988	0.733951	0.00892286
3991	0.735469	0.00608286
3994	0.735183	0.0424257
3997	0.734931	0.00728857
4000	0.734783	0.00586571
4003	0.734797	0.00422571
4006	0.734657	0.00501714
4009	0.73494	0.00360286
4012	0.735083	0.00249714
4015	0.734931	0.00454286
4018	0.734686	0.00778
4021	0.735103	0.0447486
4024	0.734889	0.0146857
4027	0.735174	0.0132486
4030	0.734317	0.0124171
4033	0.734763	0.0125943
4036	0.734889	0.0127029
4039	0.734543	0.0105914
4042	0.735011	0.00888571
4045	0.734406	0.0436171
4048	0.734397	0.00802
4051	0.734494	0.00504
4054	0.734366	0.00290286
4057	0.734474	0.00325143
4060	0.734509	0.00343429
4063	0.734491	0.00606571
4066	0.734717	0.0075
4069	0.73414	0.0534743
4072	0.733946	0.0102457
4075	0.734003	0.00779143
4078	0.734046	0.00484
4081	0.734094	0.00470286
4084	0.734174	0.00648571
4087	0.734286	0.00856286
4090	0.73412	0.00809429
4093	0.734049	0.00773429
4096	0.735854	0.0459429
4099	0.735726	0.0143943
4102	0.73514	0.0111143
4105	0.735157	0.00953714
4108	0.734986	0.0091
4111	0.734723	0.00718
4114	0.734031	0.00687429
4117	0.733897	0.00800857
4120	0.732989	0.0431514
4123	0.732889	0.0113543
4126	0.733069	0.0101571
4129	0.732566	0.0165429
4132	0.732414	0.0228714
4135	0.731786	0.0286114
4138	0.731291	0.0355057
4141	0.730714	0.0402029
4144	0.730706	0.0854286
4147	0.730646	0.0527343
4150	0.73056	0.0556086
4153	0.730017	0.0584143
4156	0.729797	0.0606686
4159	0.728974	0.0644457
4162	0.72804	0.0751257
4165	0.727503	0.08038
4168	0.726897	0.08578
4171	0.726794	0.11586
4174	0.727143	0.102423
4177	0.728694	0.0917343
4180	0.729037	0.102471
4183	0.733263	0.0961914
4186	0.736854	0.10752
4189	0.738191	0.113049
4192	0.739683	0.104771
4195	0.73952	0.141829
4198	0.739026	0.132174
4201	0.738031	0.159517
4204	0.736169	0.175069
4207	0.735683	0.196791
4210	0.734774	0.211249
4213	0.736877	0.227543
4216	0.737466	0.245429
4219	0.741603	0.260191
4222	0.743717	0.248054
4225	0.747726	0.262549
4228	0.752071	0.261117
4231	0.7569	0.272797
4234	0.758531	0.288323
4237	0.757789	0.295811
4240	0.75638	0.321511
4243	0.759309	0.339623
4246	0.759083	0.32642
4249	0.751774	0.348866
4252	0.747929	0.350854
4255	0.743537	0.373946
4258	0.744283	0.370323
4261	0.743869	0.389634
4264	0.7446	0.378143
4267	0.746777	0.379714
4270	0.748197	0.376234
4273	0.75038	0.381534
4276	0.751943	0.38482
4279	0.752371	0.393231
4282	0.75752	0.398434
4285	0.763563	0.396137
4288	0.764191	0.399283
4291	0.766226	0.391849
4294	0.762231	0.403251
4297	0.756537	0.38106
4300	0.750389	0.382523
4303	0.74896	0.384623
4306	0.742943	0.383377
4309	0.744911	0.37788
4312	0.748914	0.371957
4315	0.746111	0.369857
4318	0.740629	0.384217
4321	0.739983	0.381743
4324	0.735786	0.380323
4327	0.736674	0.38214
4330	0.737177	0.362431
4333	0.736963	0.367871
4336	0.734926	0.365037
4339	0.729749	0.361594
4342	0.726154	0.357966
4345	0.720826	0.366226
4348	0.717129	0.361274
4351	0.716466	0.360634
4354	0.718146	0.355969
4357	0.7186	0.351326
4360	0.724657	0.344114
4363	0.731043	0.3415
4366	0.732706	0.345423
4369	0.738223	0.349131
4372	0.741006	0.347063
4375	0.741609	0.346146
4378	0.73802	0.359446
4381	0.743726	0.352397
4384	0.743634	0.358391
4387	0.744149	0.358814
4390	0.743454	0.36224
4393	0.735189	0.380723
4396	0.733946	0.364417
4399	0.731243	0.356849
4402	0.72342	0.349643
4405	0.716777	0.339574
4408	0.695157	0.346709
4411	0.684494	0.335563
4414	0.691474	0.332163
4417	0.706826	0.330971
4420	0.72576	0.341951
4423	0.728283	0.337583
4426	0.715869	0.342386
4429	0.709557	0.35356
4432	0.705931	0.35642
4435	0.703146	0.351954
4438	0.69194	0.347066
4441	0.685906	0.345337
4444	0.679626	0.359823
4447	0.666257	0.349886
4450	0.656169	0.347223
4453	0.645091	0.344471
4456	0.634491	0.344094
4459	0.624766	0.344983
4462	0.63034	0.345717
4465	0.634409	0.352463
4468	0.645431	0.362523
4471	0.648517	0.374174
4474	0.655729	0.371857
4477	0.6556	0.374511
4480	0.654663	0.380386
4483	0.658437	0.380457
4486	0.66282	0.400814
4489	0.667186	0.373749
4492	0.677397	0.376463
4495	0.68444	0.374686
4498	0.695049	0.377586
4501	0.705117	0.38344
4504	0.722983	0.387271
4507	0.737869	0.385123
4510	0.744551	0.388191
4513	0.755377	0.386883
4516	0.759097	0.374426
4519	0.756537	0.38076
4522	0.754434	0.368974
4525	0.75198	0.361089
4528	0.752194	0.366923
4531	0.750046	0.358869
4534	0.751734	0.35586
4537	0.755709	0.350963
4540	0.754391	0.340237
4543	0.757457	0.333486
4546	0.749546	0.337914
4549	0.745246	0.333837
4552	0.735457	0.340283
4555	0.728526	0.358046
4558	0.723883	0.391123
4561	0.724146	0.37642
4564	0.72412	0.397903
4567	0.730751	0.383646
4570	0.731923	0.39704
4573	0.727317	0.369537
4576	0.719349	0.360677
4579	0.706494	0.348969
4582	0.703634	0.349134
4585	0.70502	0.343209
4588	0.703443	0.336569
4591	0.70752	0.341843
4594	0.715806	0.347509
4597	0.720983	0.324806
4600	0.712223	0.326097
4603	0.708077	0.320214
4606	0.707137	0.316643
4609	0.708226	0.309463
4612	0.713746	0.30668
4615	0.71962	0.290049
4618	0.720671	0.282477
4621	0.7211	0.277003
4624	0.707963	0.273509
4627	0.695034	0.258966
4630	0.688503	0.266651
4633	0.681854	0.284251
4636	0.679689	0.28772
4639	0.685237	0.286883
4642	0.692797	0.293777
4645	0.696689	0.307394
4648	0.704786	0.304991
4651	0.707246	0.307271
4654	0.714594	0.303797
4657	0.723103	0.30268
4660	0.731137	0.300197
4663	0.73634	0.287117
4666	0.735623	0.279663
4669	0.719129	0.280469
4672	0.708471	0.260386
4675	0.695337	0.274457
4678	0.691349	0.255151
4681	0.669449	0.262037
4684	0.6582	0.261911
4687	0.648426	0.233606
4690	0.644446	0.229474
4693	0.65064	0.223534
4696	0.651243	0.233683
4699	0.658377	0.231157
4702	0.666557	0.234497
4705	0.672426	0.242954
4708	0.679514	0.249246
4711	0.691974	0.259997
4714	0.706631	0.283703
4717	0.709526	0.302769
4720	0.720251	0.321591
4723	0.722991	0.317557
4726	0.726069	0.321194
4729	0.732329	0.329889
4732	0.73616	0.315566
4735	0.73822	0.3077
4738	0.742054	0.294243
4741	0.740506	0.2793
4744	0.74012	0.281731
4747	0.717734	0.2742
4750	0.66924	0.260574
4753	0.602009	0.248354
4756	0.55788	0.208011
4759	0.478354	0.210063
4762	0.43694	0.175397
4765	0.40612	0.154931
4768	0.378837	0.137886
4771	0.345851	0.127649
4774	0.33328	0.098
4777	0.327143	0.0819143
4780	0.324277	0.0651486
4783	0.315469	0.0511257
4786	0.302646	0.0400771
4789	0.283689	0.0296686
4792	0.274394	0.0183543
4795	0.270629	0.0180457
4798	0.267191	0.00592
4801	0.266954	0.00122
4804	0.266889	0.000668571
4807	0.267417	0.00056
4810	0.2609	0.00107714
4813	0.249463	0.000905714
4816	0.240754	0.00122
4819	0.215757	0.00713143
4822	0.21584	0.00130857
4825	0.215266	0.00185143
4828	0.215423	0.00191714
4831	0.215377	0.00146571
4834	0.212051	0.0142943
4837	0.212331	0.00501429
4840	0.212231	0.00427714
4843	0.212083	0.00518
4846	0.211374	0.00541714
4849	0.21072	0.00485714
4852	0.210591	0.00521143
4855	0.210337	0.00438286
4858	0.20984	0.01102
4861	0.210397	0.00548857
4864	0.209866	0.00490857
4867	0.210034	0.00526857
4870	0.210089	0.00390571
4873	0.210143	0.00515143
4876	0.209969	0.0048
4879	0.209746	0.00428286
4882	0.20926	0.00510571
4885	0.208657	0.00793714
4888	0.208611	0.00490857
4891	0.2087	0.00479429
4894	0.208666	0.00486857
4897	0.208003	0.00440571
4900	0.20808	0.0031
4903	0.208137	0.00332
4906	0.207994	0.00316286
4909	0.205537	0.00706571
4912	0.20472	0.00306
4915	0.204243	0.00501429
4918	0.214623	0.0338486
4921	0.2409	0.0588629
4924	0.272906	0.0676286
4927	0.3007	0.0922486
4930	0.317309	0.107797
4933	0.340071	0.133189
4936	0.387786	0.129269
4939	0.468497	0.132806
4942	0.512363	0.119863
4945	0.52506	0.11492
4948	0.531254	0.108074
4951	0.52	0.0987114
4954	0.509057	0.09166
4957	0.45464	0.0858057
4960	0.3962	0.0867857
4963	0.362946	0.0630143
4966	0.300263	0.06504
4969	0.280391	0.0703457
4972	0.290143	0.103894
4975	0.312329	0.12858
4978	0.337083	0.143566
4981	0.352923	0.14612
4984	0.351026	0.143894
4987	0.349117	0.133669
4990	0.342631	0.125197
4993	0.325089	0.121157
4996	0.305117	0.116974
4999	0.287551	0.107314
5002	0.275017	0.0967314
5005	0.26948	0.0889143
5008	0.25738	0.0860914
5011	0.250697	0.0681171
5014	0.244597	0.0567486
5017	0.237554	0.0411486
5020	0.233329	0.0394343
5023	0.232009	0.0392143
5026	0.240914	0.0359514
5029	0.250549	0.0311714
5032	0.257337	0.0250857
5035	0.247851	0.0291914
5038	0.240657	0.0236829
5041	0.232729	0.0232886
5044	0.227871	0.0230771
5047	0.237369	0.0318143
5050	0.250277	0.0494029
5053	0.26256	0.0657486
5056	0.284934	0.0774457
5059	0.323146	0.0996257
5062	0.377377	0.101731
5065	0.430766	0.105477
5068	0.457134	0.11702
5071	0.491671	0.136554
5074	0.524637	0.150531
5077	0.549029	0.161174
5080	0.56692	0.16488
5083	0.583497	0.171583
5086	0.571897	0.176354
5089	0.511717	0.181763
5092	0.406994	0.176854
5095	0.3591	0.157846
5098	0.326277	0.146669
5101	0.2897	0.130551
5104	0.251514	0.113231
5107	0.22072	0.0911486
5110	0.204197	0.0821686
5113	0.20384	0.0675514
5116	0.206243	0.0600257
5119	0.20624	0.0438886
5122	0.193214	0.02978
5125	0.174697	0.01998
5128	0.16426	0.00745714
5131	0.162834	0.000568571
5134	0.160323	0.00814286
5137	0.16076	0.000768571
5140	0.161157	0.00042
5143	0.161557	0.000208571
5146	0.161611	9.42857e-05
5149	0.161869	0.000102857
5152	0.16198	5.71429e-05
5155	0.1621	3.71429e-05
5158	0.161849	0.00648
5161	0.162514	0.000822857
5164	0.162486	0.000337143
5167	0.162989	0.000491429
5170	0.162997	0.00022
5173	0.163103	0.000131429
5176	0.163254	8e-05
5179	0.163414	5.14286e-05
5182	0.16336	7.14286e-05
5185	0.162534	0.00439143
5188	0.162629	0.000302857
5191	0.16276	0.000231429
5194	0.16268	0.00448571
5197	0.163057	0.000445714
5200	0.162791	0.000411429
5203	0.162811	0.000108571
5206	0.162726	0.00018
5209	0.162951	0.000105714
5212	0.162731	0.000162857
5215	0.162851	6.57143e-05
5218	0.162614	5.71429e-05
5221	0.163183	0.00534
5224	0.163217	0.00100571
5227	0.163174	0.000245714
5230	0.163334	0.000497143
5233	0.163117	6.57143e-05
5236	0.16296	0.000102857
5239	0.162774	0.00014
5242	0.162806	4.85714e-05
5245	0.158811	0.00416857
5248	0.1588	0.000268571
5251	0.158926	0.000237143
5254	0.158963	0.000162857
5257	0.169709	0.0167943
5260	0.18934	0.03634
5263	0.214123	0.0548086
5266	0.244243	0.0675486
5269	0.2962	0.0772114
5272	0.3216	0.06884
5275	0.342611	0.0677657
5278	0.358211	0.06408
5281	0.367837	0.0616429
5284	0.372046	0.0582286
5287	0.374323	0.0591314
5290	0.381471	0.0828286
5293	0.387374	0.102183
5296	0.403603	0.127934
5299	0.438309	0.11848
5302	0.493743	0.120334
5305	0.530909	0.109414
5308	0.557734	0.10474
5311	0.576326	0.0977143
5314	0.593286	0.0925543
5317	0.606751	0.0840771
5320	0.633123	0.0905057
5323	0.634811	0.0703057
5326	0.638763	0.0683771
5329	0.638146	0.0717171
5332	0.62884	0.0876229
5335	0.622794	0.0939029
5338	0.615866	0.100389
5341	0.609026	0.0972857
5344	0.581423	0.113063
5347	0.58752	0.0937343
5350	0.58786	0.10056
5353	0.589471	0.116049
5356	0.587103	0.130946
5359	0.588091	0.150631
5362	0.566889	0.174003
5365	0.557914	0.160994
5368	0.521626	0.162103
5371	0.507526	0.169131
5374	0.511714	0.139666
5377	0.51438	0.130917
5380	0.515229	0.120966
5383	0.506289	0.114717
5386	0.497811	0.124051
5389	0.489943	0.126549
5392	0.481137	0.125049
5395	0.470071	0.16028
5398	0.47806	0.132583
5401	0.480237	0.122934
5404	0.483117	0.119006
5407	0.486409	0.114937
5410	0.491806	0.107314
5413	0.496463	0.0993629
5416	0.502251	0.10808
5419	0.500617	0.153583
5422	0.5111	0.125289
5425	0.52542	0.11974
5428	0.532309	0.116826
5431	0.534194	0.122211
5434	0.534929	0.12858
5437	0.540646	0.12972
5440	0.54618	0.133151
5443	0.548806	0.136203
5446	0.552469	0.199726
5449	0.561714	0.15364
5452	0.569131	0.149934
5455	0.573551	0.138291
5458	0.577606	0.131057
5461	0.582123	0.126983
5464	0.592903	0.115623
5467	0.601117	0.104077
5470	0.622151	0.155069
5473	0.624611	0.0944229
5476	0.627306	0.0919286
5479	0.629289	0.0939657
5482	0.630709	0.0970657
5485	0.6305	0.0952343
5488	0.629623	0.0921886
5491	0.628894	0.092
5494	0.640574	0.152586
5497	0.644786	0.0969371
5500	0.663094	0.0906543
5503	0.682523	0.08808
5506	0.691803	0.0777257
5509	0.69836	0.0721486
5512	0.702171	0.07546
5515	0.7035	0.0732086
5518	0.703654	0.07144
5521	0.711474	0.148089
5524	0.711586	0.0833971
5527	0.710231	0.0869286
5530	0.710691	0.07754
5533	0.710797	0.0843971
5536	0.709814	0.0926571
5539	0.708877	0.0839886
5542	0.708834	0.0779571
5545	0.709766	0.142463
5548	0.710197	0.07572
5551	0.710474	0.0675971
5554	0.710006	0.0674114
5557	0.709797	0.0683886
5560	0.709209	0.0663
5563	0.707863	0.0734514
5566	0.706451	0.0785314
5569	0.701717	0.163649
5572	0.699849	0.109554
5575	0.698946	0.106263
5578	0.699189	0.108094
5581	0.699409	0.105326
5584	0.699051	0.0957429
5587	0.699989	0.0915543
5590	0.700574	0.08694
5593	0.701426	0.0797971
5596	0.69972	0.144686
5599	0.699029	0.0764229
5602	0.698851	0.0636886
5605	0.698483	0.0620571
5608	0.698246	0.06188
5611	0.696606	0.05936
5614	0.69406	0.0578714
5617	0.693111	0.0582829
5620	0.690549	0.126466
5623	0.690183	0.0665943
5626	0.68984	0.0576343
5629	0.68924	0.0531714
5632	0.68928	0.0499486
5635	0.689763	0.0467057
5638	0.689726	0.0390771
5641	0.6904	0.0381371
5644	0.69274	0.120929
5647	0.692286	0.0391829
5650	0.692831	0.0380657
5653	0.690417	0.0400743
5656	0.687974	0.0403657
5659	0.688129	0.0377686
5662	0.688334	0.0359029
5665	0.689057	0.0335429
5668	0.689077	0.0300229
5671	0.690043	0.0958857
5674	0.68998	0.0347629
5677	0.690629	0.0312086
5680	0.69094	0.0303857
5683	0.690386	0.0288371
5686	0.690369	0.0253057
5689	0.690666	0.0281771
5692	0.690697	0.0264314
5695	0.691574	0.09174
5698	0.691951	0.0335743
5701	0.690217	0.0306114
5704	0.687906	0.0218714
5707	0.687606	0.0180457
5710	0.68482	0.0191657
5713	0.681611	0.0172486
5716	0.680354	0.0148943
5719	0.680963	0.0842514
5722	0.680986	0.00807143
5725	0.680929	0.00972
5728	0.680929	0.00732
5731	0.680409	0.00989143
5734	0.679997	0.00677143
