1	0.309014	0.702875
4	0.30171	0.0554444
7	0.302794	0.0626111
10	0.312857	0.070254
13	0.331802	0.0678111
16	0.349068	0.0623937
19	0.358319	0.0649302
22	0.373384	0.0509778
25	0.384773	0.0541524
28	0.385352	0.0562587
31	0.38061	0.0581556
34	0.378749	0.0552333
37	0.377798	0.0526968
40	0.37313	0.0486397
43	0.368916	0.0464365
46	0.355433	0.0521857
49	0.352149	0.0372889
52	0.348448	0.035573
55	0.347617	0.0350175
58	0.349025	0.0312048
61	0.349517	0.0323905
64	0.347611	0.0308889
67	0.346975	0.0278746
70	0.338516	0.0386429
73	0.340475	0.0239365
76	0.339284	0.0262032
79	0.341383	0.030681
82	0.347117	0.0404651
85	0.358897	0.0530984
88	0.373097	0.063946
91	0.38626	0.0706873
94	0.40073	0.109911
97	0.414027	0.0818746
100	0.428084	0.0730571
103	0.439513	0.0707048
106	0.44317	0.0755921
109	0.445514	0.0788714
112	0.443402	0.0827492
115	0.436848	0.0879381
118	0.428719	0.089527
121	0.420076	0.111159
124	0.427906	0.0901714
127	0.433195	0.0873651
130	0.440637	0.0904127
133	0.441467	0.0853111
136	0.446738	0.0800794
139	0.447492	0.0749794
142	0.448506	0.0703048
145	0.437481	0.0851413
148	0.437221	0.0607254
151	0.434948	0.0582238
154	0.431792	0.0554873
157	0.425762	0.0549302
160	0.421165	0.0445222
163	0.416648	0.0448937
166	0.413211	0.0445333
169	0.400795	0.0646032
172	0.39887	0.0425524
175	0.395154	0.0364857
178	0.393205	0.0351571
181	0.3913	0.0308492
184	0.388735	0.0313873
187	0.385811	0.027346
190	0.384429	0.0225492
193	0.382224	0.017219
196	0.375697	0.0386508
199	0.375648	0.0152651
202	0.375578	0.0110286
205	0.375165	0.0118794
208	0.375446	0.00954286
211	0.375451	0.00990635
214	0.37553	0.00970635
217	0.37563	0.0099381
220	0.377395	0.0348365
223	0.377822	0.0142603
226	0.377946	0.00895238
229	0.377033	0.00933968
232	0.376859	0.00925714
235	0.376902	0.0105222
238	0.37611	0.011173
241	0.376363	0.0120794
244	0.372759	0.0386619
247	0.374114	0.0154714
250	0.374968	0.00914603
253	0.375022	0.00697143
256	0.374451	0.00654286
259	0.374541	0.00648889
262	0.373798	0.00622698
265	0.372743	0.00704762
268	0.372502	0.00600476
271	0.36913	0.0303524
274	0.368814	0.0093
277	0.368668	0.00943333
280	0.371784	0.0103635
283	0.375049	0.0121444
286	0.377557	0.0161905
289	0.378481	0.0159905
292	0.376676	0.0134095
295	0.369625	0.0378381
298	0.365692	0.0163635
301	0.36211	0.0110921
304	0.361278	0.00998413
307	0.361546	0.0102127
310	0.362273	0.0126556
313	0.362346	0.0143063
316	0.362886	0.0123127
319	0.363757	0.0443651
322	0.363948	0.0164349
325	0.364721	0.0142698
328	0.365002	0.0138222
331	0.365516	0.0141397
334	0.365789	0.0067127
337	0.365521	0.00722063
340	0.368824	0.012946
343	0.372911	0.0185079
346	0.376427	0.0494063
349	0.381543	0.0253
352	0.385687	0.0244921
355	0.389138	0.0253127
358	0.392979	0.0204317
361	0.395422	0.0179873
364	0.395514	0.0184317
367	0.395425	0.0162063
370	0.394332	0.0415984
373	0.393825	0.0176698
376	0.391243	0.0167857
379	0.38793	0.0152524
382	0.387813	0.018654
385	0.391073	0.0237587
388	0.397357	0.0296714
391	0.405983	0.037354
394	0.401365	0.0641556
397	0.411103	0.0447143
400	0.414746	0.0430905
403	0.419487	0.0430905
406	0.425708	0.0484254
409	0.433186	0.0545206
412	0.442789	0.0643873
415	0.451133	0.0694222
418	0.457503	0.0753857
421	0.466175	0.125511
424	0.478241	0.0967921
427	0.487237	0.100603
430	0.496337	0.104816
433	0.508611	0.110244
436	0.517459	0.11383
439	0.520716	0.115713
442	0.525641	0.115698
445	0.53386	0.147005
448	0.537451	0.119916
451	0.54309	0.117357
454	0.549079	0.114268
457	0.554878	0.110857
460	0.560063	0.106002
463	0.564838	0.100705
466	0.567873	0.0943968
469	0.57776	0.124554
472	0.578425	0.0832683
475	0.578932	0.0771968
478	0.580292	0.071881
481	0.580467	0.0756857
484	0.581079	0.0691952
487	0.581094	0.0617619
490	0.580813	0.0566032
493	0.580914	0.0541984
496	0.575095	0.0867603
499	0.574198	0.0539476
502	0.573621	0.0536556
505	0.571935	0.0552079
508	0.571062	0.0557492
511	0.571868	0.0627635
514	0.574151	0.0691349
517	0.59006	0.0653127
520	0.618462	0.136278
523	0.636083	0.0724302
526	0.644079	0.0756762
529	0.648983	0.0725587
532	0.65149	0.0713508
535	0.652195	0.0711556
538	0.65323	0.069646
541	0.654746	0.0685524
544	0.664389	0.129871
547	0.662441	0.0701175
550	0.661433	0.067573
553	0.6612	0.0595016
556	0.6599	0.0571556
559	0.65887	0.0571556
562	0.658933	0.0719524
565	0.658651	0.0785111
568	0.659024	0.0860841
571	0.65541	0.112748
574	0.655367	0.0637825
577	0.654576	0.0411587
580	0.653619	0.0347079
583	0.654025	0.0349714
586	0.653227	0.0392873
589	0.653289	0.0386762
592	0.655432	0.044381
595	0.666879	0.105878
598	0.672071	0.0547571
601	0.674279	0.0540968
604	0.677787	0.0485952
607	0.687954	0.0495111
610	0.692732	0.0508048
613	0.693551	0.0524302
616	0.696597	0.0554508
619	0.70849	0.120102
622	0.707786	0.0617603
625	0.707481	0.0608016
628	0.707606	0.0582254
631	0.71116	0.0575095
634	0.712638	0.0551175
637	0.713079	0.0531587
640	0.71303	0.0489571
643	0.712821	0.0491905
646	0.715773	0.0997873
649	0.714449	0.0493619
652	0.713194	0.0515413
655	0.712321	0.0500476
658	0.710889	0.0472571
661	0.710017	0.0478333
664	0.709052	0.0464952
667	0.708337	0.0476111
670	0.707425	0.0999508
673	0.706203	0.0566524
676	0.704844	0.051619
679	0.703978	0.0475524
682	0.703414	0.0491222
685	0.702865	0.0448937
688	0.702286	0.0425889
691	0.702286	0.0414
694	0.701086	0.102295
697	0.701167	0.0511667
700	0.701252	0.0465413
703	0.701263	0.0402921
706	0.701479	0.0370825
709	0.701587	0.0369397
712	0.701944	0.0358905
715	0.702502	0.0334714
718	0.70253	0.0248873
721	0.703495	0.0758159
724	0.703837	0.0270968
727	0.703989	0.0234063
730	0.704067	0.0195635
733	0.703943	0.015219
736	0.703903	0.0142143
739	0.703984	0.0105016
742	0.7039	0.00667143
745	0.703324	0.0528317
748	0.703595	0.0102714
751	0.703465	0.00774444
754	0.70349	0.0052
757	0.70397	0.00518571
760	0.704144	0.00533333
763	0.703905	0.00534286
766	0.704187	0.00545714
769	0.706668	0.0587286
772	0.706724	0.00838095
775	0.706549	0.00674762
778	0.706608	0.00721905
781	0.706398	0.00639683
784	0.70564	0.00783016
787	0.704929	0.0124984
790	0.70447	0.0160651
793	0.70407	0.0174079
796	0.700935	0.0594
799	0.699767	0.0276381
802	0.698244	0.0297952
805	0.698119	0.0301825
808	0.697622	0.0288873
811	0.697759	0.027919
814	0.698137	0.0277492
817	0.699275	0.026146
820	0.702451	0.0721127
823	0.702789	0.019654
826	0.704357	0.0179111
829	0.7052	0.0146254
832	0.705835	0.0109317
835	0.706276	0.0086381
838	0.707083	0.00728413
841	0.707163	0.00789365
844	0.707871	0.0514714
847	0.708081	0.0128254
850	0.707803	0.00937619
853	0.707705	0.00879365
856	0.707938	0.00851905
859	0.707898	0.00745079
862	0.707486	0.00823651
865	0.707503	0.0109254
868	0.707921	0.00924603
871	0.707463	0.0418746
874	0.707314	0.00990794
877	0.707208	0.00952063
880	0.706213	0.0429476
883	0.706452	0.0084619
886	0.706587	0.00827937
889	0.706813	0.00842063
892	0.706879	0.00944444
895	0.707124	0.00785238
898	0.707292	0.0078619
901	0.707194	0.00769365
904	0.706763	0.042373
907	0.706979	0.00869206
910	0.707063	0.00926667
913	0.70696	0.00651429
916	0.707013	0.00761905
919	0.706871	0.00516984
922	0.70703	0.00310635
925	0.707194	0.00248095
928	0.707235	0.00139841
931	0.706484	0.0336937
934	0.706629	0.00505238
937	0.706054	0.00562857
940	0.705878	0.00788095
943	0.705619	0.00791905
946	0.705486	0.00727143
949	0.705637	0.0064746
952	0.705857	0.00589048
955	0.705889	0.039619
958	0.705841	0.00877619
961	0.706079	0.00948095
964	0.706065	0.00784286
967	0.706176	0.00565397
970	0.705851	0.00670794
973	0.705344	0.00756825
976	0.705162	0.00894921
979	0.703722	0.0491381
982	0.704006	0.0147476
985	0.704414	0.0128302
988	0.704879	0.00907778
991	0.704656	0.00826032
994	0.704825	0.0072254
997	0.704886	0.00711587
1000	0.705321	0.00823968
1003	0.705486	0.00693333
1006	0.704722	0.0411032
1009	0.704838	0.0074254
1012	0.703995	0.0473111
1015	0.70359	0.0109365
1018	0.703949	0.0112016
1021	0.704202	0.0104159
1024	0.703489	0.00925556
1027	0.703573	0.00874921
1030	0.703427	0.00706984
1033	0.70334	0.00839841
1036	0.704194	0.0429778
1039	0.7041	0.0105635
1042	0.703894	0.0129778
1045	0.70434	0.013019
1048	0.703905	0.0130111
1051	0.703911	0.0121571
1054	0.704171	0.00883175
1057	0.704262	0.00905079
1060	0.703359	0.053919
1063	0.703175	0.0132016
1066	0.703184	0.0107508
1069	0.703498	0.00901587
1072	0.703389	0.0102619
1075	0.703443	0.00725714
1078	0.70353	0.00692698
1081	0.703176	0.0069381
1084	0.703098	0.00778889
1087	0.702702	0.0461825
1090	0.703076	0.013854
1093	0.702894	0.0106508
1096	0.703076	0.00975714
1099	0.70301	0.0114032
1102	0.702781	0.0108619
1105	0.702579	0.0105048
1108	0.702624	0.00969048
1111	0.701817	0.05
1114	0.702275	0.014281
1117	0.702051	0.0130683
1120	0.702762	0.0120635
1123	0.703243	0.0120968
1126	0.702752	0.0127254
1129	0.702217	0.0162762
1132	0.702406	0.0187635
1135	0.703294	0.058673
1138	0.702881	0.0219571
1141	0.7029	0.0189397
1144	0.702873	0.0155698
1147	0.702698	0.014527
1150	0.702929	0.0144476
1153	0.703451	0.0154016
1156	0.703192	0.0144619
1159	0.703156	0.0159825
1162	0.702306	0.0521587
1165	0.702135	0.0189746
1168	0.702475	0.0183635
1171	0.702862	0.016619
1174	0.703041	0.0145905
1177	0.702911	0.0133984
1180	0.703081	0.0126683
1183	0.702795	0.0129317
1186	0.702803	0.0557905
1189	0.703033	0.0178333
1192	0.702697	0.014046
1195	0.702798	0.0128889
1198	0.70289	0.011146
1201	0.703013	0.00720159
1204	0.702681	0.0061254
1207	0.70287	0.0047746
1210	0.703797	0.0466841
1213	0.703413	0.0094254
1216	0.702995	0.00799206
1219	0.702886	0.00575238
1222	0.702911	0.00631111
1225	0.703083	0.00709841
1228	0.703222	0.00963492
1231	0.703276	0.0102063
1234	0.702908	0.0116873
1237	0.701503	0.0450032
1240	0.701273	0.013346
1243	0.70171	0.0141016
1246	0.702068	0.0121349
1249	0.702003	0.0115397
1252	0.701978	0.00928254
1255	0.701963	0.00855238
1258	0.702251	0.00862698
1261	0.702108	0.0495444
1264	0.702335	0.0105651
1267	0.70206	0.010727
1270	0.702205	0.0091746
1273	0.702463	0.0084873
1276	0.703041	0.0101905
1279	0.703478	0.0124635
1282	0.703671	0.011646
1285	0.703608	0.0485048
1288	0.703398	0.0152524
1291	0.703425	0.0137079
1294	0.703703	0.0132238
1297	0.703249	0.0155762
1300	0.703554	0.0135968
1303	0.703978	0.0127524
1306	0.703952	0.0102492
1309	0.703544	0.010273
1312	0.702457	0.0480302
1315	0.701967	0.0143683
1318	0.702094	0.0102127
1321	0.702392	0.00880635
1324	0.702525	0.00752063
1327	0.702976	0.00605397
1330	0.703097	0.006
1333	0.703206	0.00633651
1336	0.703625	0.0523698
1339	0.703762	0.014254
1342	0.703944	0.0129079
1345	0.703757	0.0116302
1348	0.703698	0.0116556
1351	0.703606	0.0126063
1354	0.703248	0.0146127
1357	0.703356	0.0159444
1360	0.702648	0.0664159
1363	0.702422	0.0229349
1366	0.702408	0.0218016
1369	0.702	0.0187079
1372	0.70269	0.0197841
1375	0.702649	0.0157032
1378	0.702527	0.013446
1381	0.702814	0.0127302
1384	0.702944	0.011119
1387	0.704683	0.0518937
1390	0.704554	0.0159175
1393	0.704505	0.0112254
1396	0.70479	0.0131952
1399	0.705348	0.00999365
1402	0.705343	0.00837619
1405	0.705649	0.00832857
1408	0.705663	0.00917937
1411	0.70499	0.0507286
1414	0.705127	0.0165937
1417	0.704989	0.0189571
1420	0.704737	0.0204048
1423	0.704717	0.0245984
1426	0.70471	0.033046
1429	0.704775	0.0456333
1432	0.704638	0.0529762
1435	0.705716	0.0948095
1438	0.706489	0.0687603
1441	0.70677	0.0826651
1444	0.707484	0.0943667
1447	0.709397	0.102116
1450	0.709702	0.108525
1453	0.710105	0.112013
1456	0.710044	0.122746
1459	0.71086	0.127752
1462	0.712154	0.151937
1465	0.712738	0.151063
1468	0.713552	0.18204
1471	0.715279	0.196438
1474	0.714649	0.212265
1477	0.715586	0.217294
1480	0.715675	0.220916
1483	0.717881	0.230883
1486	0.719844	0.245525
1489	0.722517	0.249156
1492	0.725375	0.266456
1495	0.72734	0.274702
1498	0.726408	0.280751
1501	0.725244	0.27833
1504	0.725511	0.285563
1507	0.727887	0.287292
1510	0.731287	0.294063
1513	0.731956	0.284219
1516	0.733425	0.307733
1519	0.73437	0.296479
1522	0.733652	0.310556
1525	0.735583	0.29781
1528	0.737614	0.300962
1531	0.73489	0.303051
1534	0.735646	0.303503
1537	0.733681	0.313327
1540	0.734251	0.318608
1543	0.735794	0.32727
1546	0.738881	0.337873
1549	0.739024	0.37119
1552	0.742267	0.344357
1555	0.74563	0.34397
1558	0.746898	0.344859
1561	0.74511	0.347602
1564	0.743316	0.344249
1567	0.743125	0.348629
1570	0.74353	0.357198
1573	0.745214	0.369198
1576	0.746873	0.373956
1579	0.748563	0.37623
1582	0.748029	0.382724
1585	0.749143	0.384367
1588	0.746963	0.381244
1591	0.745837	0.386381
1594	0.740868	0.391302
1597	0.73527	0.39774
1600	0.733951	0.405913
1603	0.734389	0.413543
1606	0.736489	0.42064
1609	0.737062	0.420773
1612	0.738102	0.422614
1615	0.741078	0.411235
1618	0.740502	0.396119
1621	0.739808	0.395387
1624	0.746073	0.388397
1627	0.748025	0.379456
1630	0.743697	0.379502
1633	0.739795	0.377267
1636	0.7412	0.384683
1639	0.743067	0.374767
1642	0.742375	0.373419
1645	0.742205	0.363406
1648	0.741417	0.35007
1651	0.737673	0.343795
1654	0.735844	0.346114
1657	0.730165	0.34864
1660	0.729076	0.354313
1663	0.731395	0.342794
1666	0.734562	0.347925
1669	0.735814	0.352216
1672	0.740373	0.357405
1675	0.736944	0.355954
1678	0.729819	0.355386
1681	0.726294	0.356522
1684	0.723579	0.352152
1687	0.721105	0.356
1690	0.720876	0.349816
1693	0.725229	0.357767
1696	0.721197	0.350059
1699	0.719514	0.339476
1702	0.721824	0.336294
1705	0.720976	0.338525
1708	0.721319	0.330279
1711	0.717263	0.328333
1714	0.714644	0.328005
1717	0.713221	0.324608
1720	0.718576	0.315943
1723	0.720748	0.313229
1726	0.729117	0.312914
1729	0.735089	0.311179
1732	0.728208	0.346738
1735	0.695329	0.369894
1738	0.692173	0.336725
1741	0.685989	0.346638
1744	0.67583	0.342813
1747	0.637143	0.365224
1750	0.630254	0.319671
1753	0.599146	0.338775
1756	0.58364	0.323203
1759	0.570459	0.314902
1762	0.552503	0.308162
1765	0.541073	0.309595
1768	0.559044	0.304881
1771	0.574587	0.308567
1774	0.590903	0.309557
1777	0.612249	0.300698
1780	0.624717	0.285475
1783	0.623294	0.270017
1786	0.617833	0.266886
1789	0.614432	0.242259
1792	0.603171	0.23119
1795	0.595392	0.222205
1798	0.594817	0.226651
1801	0.601173	0.245303
1804	0.60627	0.253675
1807	0.606611	0.258695
1810	0.602503	0.281816
1813	0.602841	0.254922
1816	0.600511	0.254454
1819	0.591814	0.261341
1822	0.579197	0.257759
1825	0.555476	0.256979
1828	0.533184	0.260263
1831	0.526048	0.259775
1834	0.520625	0.249883
1837	0.500321	0.241721
1840	0.49841	0.22514
1843	0.499813	0.211684
1846	0.511573	0.190495
1849	0.515651	0.173543
1852	0.520546	0.158725
1855	0.514589	0.160402
1858	0.499143	0.167662
1861	0.499784	0.178725
1864	0.493641	0.166324
1867	0.487784	0.164862
1870	0.49311	0.178856
1873	0.50369	0.184579
1876	0.519879	0.187051
1879	0.530765	0.196025
1882	0.527544	0.21781
1885	0.51086	0.238557
1888	0.513178	0.234843
1891	0.521173	0.248435
1894	0.528316	0.253292
1897	0.509768	0.280471
1900	0.51203	0.30391
1903	0.549424	0.328575
1906	0.593343	0.35334
1909	0.61877	0.345857
1912	0.633556	0.340248
1915	0.654576	0.322335
1918	0.677144	0.308148
1921	0.689956	0.290403
1924	0.665443	0.301244
1927	0.643017	0.252998
1930	0.610832	0.237184
1933	0.527505	0.242049
1936	0.469386	0.211278
1939	0.443168	0.183798
1942	0.430846	0.166821
1945	0.426011	0.148173
1948	0.416157	0.134316
1951	0.394373	0.113868
1954	0.379041	0.0965429
1957	0.365597	0.0762016
1960	0.365035	0.0810825
1963	0.360998	0.0539952
1966	0.354711	0.045973
1969	0.342832	0.0346048
1972	0.32689	0.0231286
1975	0.312483	0.0111524
1978	0.302187	0.00684921
1981	0.294854	0.00676825
1984	0.280405	0.00677619
1987	0.248363	0.0158952
1990	0.246529	0.00823333
1993	0.245616	0.00835079
1996	0.240749	0.00896825
1999	0.227395	0.0101556
2002	0.236833	0.0372556
2005	0.257113	0.0639032
2008	0.282962	0.0983095
2011	0.318697	0.132043
2014	0.398883	0.163294
2017	0.466263	0.177941
2020	0.507708	0.198065
2023	0.543383	0.227257
2026	0.596617	0.262094
2029	0.640157	0.272308
2032	0.650167	0.265265
2035	0.663192	0.271703
2038	0.66861	0.262713
2041	0.638633	0.256449
2044	0.566306	0.215733
2047	0.50606	0.193859
2050	0.473024	0.179108
2053	0.435244	0.158871
2056	0.398613	0.141668
2059	0.363138	0.116721
2062	0.320162	0.104279
2065	0.31036	0.081054
2068	0.305881	0.063173
2071	0.302948	0.0543921
2074	0.293278	0.0429714
2077	0.276517	0.0284397
2080	0.254303	0.0223143
2083	0.240748	0.012819
2086	0.231505	0.0158524
2089	0.231016	0.00929365
2092	0.231114	0.00782698
2095	0.231048	0.00872222
2098	0.235495	0.00966349
2101	0.246954	0.0210841
2104	0.262957	0.0331095
2107	0.281373	0.0445302
2110	0.311597	0.0690556
2113	0.371768	0.0681111
2116	0.472767	0.0799762
2119	0.575597	0.0862508
2122	0.650271	0.0962175
2125	0.696929	0.109183
2128	0.734786	0.13001
2131	0.751257	0.132425
2134	0.764092	0.144437
2137	0.770352	0.148332
2140	0.76919	0.148333
2143	0.76571	0.153911
2146	0.766589	0.159548
2149	0.768783	0.160376
2152	0.759722	0.171419
2155	0.721902	0.187048
2158	0.674394	0.202462
2161	0.636086	0.205965
2164	0.625927	0.188862
2167	0.620259	0.175559
2170	0.615986	0.160706
2173	0.612033	0.144697
2176	0.569751	0.149551
2179	0.496035	0.127695
2182	0.430503	0.0971651
2185	0.340443	0.113249
2188	0.323103	0.0655095
2191	0.305551	0.0577651
2194	0.286876	0.0456159
2197	0.271698	0.036381
2200	0.259013	0.0276381
2203	0.252498	0.0189349
2206	0.248217	0.0159587
2209	0.242203	0.0118413
2212	0.222992	0.0146714
2215	0.22211	0.00465556
2218	0.221119	0.0039
2221	0.222105	0.00390476
2224	0.221287	0.00460317
2227	0.22017	0.00393175
2230	0.219294	0.00524444
2233	0.218979	0.00407302
2236	0.21833	0.00957143
2239	0.219695	0.00490635
2242	0.219768	0.00595079
2245	0.22081	0.00540635
2248	0.221427	0.00622222
2251	0.222794	0.00612698
2254	0.223633	0.00821429
2257	0.222224	0.00780635
2260	0.223827	0.0147206
2263	0.224154	0.00853016
2266	0.230371	0.0182857
2269	0.246578	0.0411111
2272	0.266311	0.0652905
2275	0.293202	0.0865508
2278	0.318475	0.101227
2281	0.332573	0.110079
2284	0.34313	0.112586
2287	0.340221	0.122543
2290	0.34589	0.113635
2293	0.3406	0.111781
2296	0.327522	0.107016
2299	0.321203	0.115217
2302	0.321557	0.124071
2305	0.320665	0.126611
2308	0.314749	0.11869
2311	0.302862	0.126098
2314	0.303071	0.115824
2317	0.303052	0.107144
2320	0.294803	0.0977143
2323	0.290946	0.0879079
2326	0.28871	0.0781127
2329	0.275844	0.0695778
2332	0.254686	0.0596683
2335	0.233205	0.0582063
2338	0.228725	0.0425127
2341	0.226473	0.0380619
2344	0.223254	0.0326778
2347	0.219056	0.0277143
2350	0.222417	0.0312365
2353	0.229344	0.0372175
2356	0.241033	0.0348587
2359	0.2496	0.0298349
2362	0.24916	0.0312905
2365	0.241675	0.0244667
2368	0.23246	0.023373
2371	0.223479	0.0226603
2374	0.218586	0.021519
2377	0.215476	0.0202714
2380	0.211363	0.0190714
2383	0.212248	0.0294683
2386	0.216951	0.0639016
2389	0.263383	0.0837444
2392	0.3356	0.098973
2395	0.415463	0.0992937
2398	0.464411	0.0931603
2401	0.485956	0.0882381
2404	0.495487	0.087419
2407	0.499281	0.0818333
2410	0.439427	0.094019
2413	0.406897	0.0717397
2416	0.358049	0.0539571
2419	0.304865	0.0459524
2422	0.264883	0.0322302
2425	0.23999	0.0216952
2428	0.22426	0.0133841
2431	0.21707	0.00801429
2434	0.223387	0.0329841
2437	0.232987	0.0679651
2440	0.262408	0.0723587
2443	0.282897	0.0713381
2446	0.288963	0.0683286
2449	0.280317	0.0656222
2452	0.253871	0.0620778
2455	0.237446	0.0581905
2458	0.237014	0.0563476
2461	0.228667	0.058554
2464	0.220737	0.0435492
2467	0.218749	0.0368921
2470	0.220024	0.028646
2473	0.213317	0.0210921
2476	0.208905	0.0236825
2479	0.212405	0.0324651
2482	0.230608	0.0309746
2485	0.243116	0.0367032
2488	0.245737	0.0284317
2491	0.238187	0.0266032
2494	0.23204	0.0255079
2497	0.225548	0.024573
2500	0.219063	0.0238619
2503	0.217837	0.0215413
2506	0.214875	0.0226635
2509	0.221868	0.0403778
2512	0.230086	0.0683492
2515	0.260075	0.0905857
2518	0.287629	0.104122
2521	0.32656	0.102717
2524	0.378476	0.10466
2527	0.407048	0.10331
2530	0.418376	0.0995159
2533	0.423571	0.0959238
2536	0.411837	0.10153
2539	0.401146	0.0930921
2542	0.359346	0.0921698
2545	0.325305	0.0925206
2548	0.276305	0.0818381
2551	0.263598	0.0708492
2554	0.25719	0.0577952
2557	0.250768	0.0447333
2560	0.2165	0.0446254
2563	0.205337	0.0253397
2566	0.196703	0.0155905
2569	0.192521	0.00586984
2572	0.191529	0.00220317
2575	0.191154	0.00114127
2578	0.191075	0.000996825
2581	0.191137	0.000692063
2584	0.191094	0.0010254
2587	0.189673	0.00793016
2590	0.189879	0.00129048
2593	0.18967	0.00132222
2596	0.189725	0.00125873
2599	0.189873	0.00160635
2602	0.189314	0.000636508
2605	0.189219	0.000801587
2608	0.189132	0.000614286
2611	0.188065	0.00664603
2614	0.188537	0.0018
2617	0.188598	0.00168254
2620	0.188797	0.00154127
2623	0.190897	0.00408571
2626	0.210546	0.0271
2629	0.232133	0.0539206
2632	0.250981	0.0676841
2635	0.256097	0.0772381
2638	0.265986	0.0910143
2641	0.290632	0.111851
2644	0.324887	0.154859
2647	0.373819	0.188557
2650	0.423816	0.21263
2653	0.4855	0.219119
2656	0.524475	0.218271
2659	0.543971	0.214711
2662	0.551335	0.214505
2665	0.538471	0.196252
2668	0.532271	0.194798
2671	0.533549	0.191163
2674	0.52386	0.185263
2677	0.493721	0.18326
2680	0.447068	0.17854
2683	0.412243	0.153806
2686	0.369573	0.161244
2689	0.376125	0.125537
2692	0.389605	0.106619
2695	0.397606	0.0966651
2698	0.3927	0.0883397
2701	0.375965	0.0751492
2704	0.361289	0.0621397
2707	0.352583	0.0510857
2710	0.345262	0.048227
2713	0.347281	0.0400952
2716	0.347541	0.0392079
2719	0.342154	0.0415032
2722	0.321143	0.0382825
2725	0.308632	0.0387063
2728	0.307814	0.0485016
2731	0.310092	0.0593095
2734	0.311627	0.0755095
2737	0.291267	0.0865048
2740	0.294789	0.0802048
2743	0.298133	0.0786714
2746	0.301014	0.0786317
2749	0.310181	0.085246
2752	0.314962	0.0879
2755	0.317397	0.085319
2758	0.31959	0.0853984
2761	0.30796	0.0894889
2764	0.305563	0.0792302
2767	0.297641	0.0767873
2770	0.293135	0.0666175
2773	0.290252	0.0664635
2776	0.284262	0.0665016
2779	0.279941	0.0643397
2782	0.275333	0.0593095
2785	0.262541	0.0702349
2788	0.260775	0.0547571
2791	0.259403	0.0512952
2794	0.256646	0.0489746
2797	0.254595	0.0457222
2800	0.253119	0.0412635
2803	0.251695	0.039219
2806	0.251348	0.0346159
2809	0.251835	0.0272968
2812	0.248413	0.0401857
2815	0.248571	0.0211635
2818	0.248395	0.0176571
2821	0.248381	0.012254
2824	0.248711	0.0121524
2827	0.24783	0.0101254
2830	0.247116	0.014854
2833	0.246405	0.0165587
2836	0.247516	0.0346651
2839	0.248002	0.0137746
2842	0.247905	0.0121079
2845	0.24764	0.0120317
2848	0.247446	0.0110714
2851	0.249159	0.0116159
2854	0.248954	0.0114143
2857	0.246054	0.0120063
2860	0.243827	0.0354381
2863	0.243957	0.0130333
2866	0.244917	0.0149714
2869	0.245963	0.0196714
2872	0.246273	0.017573
2875	0.246281	0.0162524
2878	0.251165	0.0185048
2881	0.26449	0.0285317
2884	0.273687	0.0350476
2887	0.280506	0.0655619
2890	0.28243	0.0421603
2893	0.2823	0.0400556
2896	0.279241	0.0355794
2899	0.274775	0.0321397
2902	0.271402	0.0295222
2905	0.268259	0.0256381
2908	0.267303	0.0257857
2911	0.263319	0.0519952
2914	0.26341	0.0249222
2917	0.262787	0.0248556
2920	0.261624	0.0252238
2923	0.261748	0.0251302
2926	0.26089	0.0238159
2929	0.26107	0.0250984
2932	0.263646	0.0269667
2935	0.261935	0.0545063
2938	0.259671	0.0276111
2941	0.26269	0.0283921
2944	0.26904	0.0301698
2947	0.279168	0.0376984
2950	0.292437	0.0449444
2953	0.304833	0.0500571
2956	0.328092	0.0536365
2959	0.404714	0.0566238
2962	0.473694	0.0961857
2965	0.538525	0.0589349
2968	0.600865	0.064819
2971	0.62936	0.065573
2974	0.672303	0.0696762
2977	0.688513	0.0710683
2980	0.696873	0.0737159
2983	0.71723	0.076173
2986	0.738906	0.135203
2989	0.742098	0.0982349
2992	0.747619	0.105898
2995	0.750556	0.118683
2998	0.751889	0.130037
3001	0.755917	0.131829
3004	0.757241	0.135413
3007	0.755667	0.146732
3010	0.754663	0.1745
3013	0.749944	0.14546
3016	0.750973	0.15337
3019	0.751533	0.158003
3022	0.752483	0.151408
3025	0.754037	0.144481
3028	0.75627	0.138854
3031	0.758014	0.130444
3034	0.757978	0.128768
3037	0.76166	0.155529
3040	0.762851	0.13571
3043	0.763397	0.123533
3046	0.764268	0.108346
3049	0.763683	0.0955683
3052	0.763103	0.0843079
3055	0.762697	0.0831476
3058	0.761963	0.0876143
3061	0.763248	0.129729
3064	0.757556	0.0953476
3067	0.755057	0.10427
3070	0.754554	0.11149
3073	0.753419	0.114132
3076	0.751449	0.110679
3079	0.750546	0.112144
3082	0.750579	0.118098
3085	0.75127	0.166811
3088	0.752583	0.121811
3091	0.752794	0.123119
3094	0.753244	0.118167
3097	0.752886	0.108098
3100	0.75249	0.0966984
3103	0.753356	0.0893857
3106	0.753019	0.0822873
3109	0.75286	0.0753159
3112	0.751833	0.111565
3115	0.750771	0.0663968
3118	0.750754	0.0577238
3121	0.749579	0.054546
3124	0.74831	0.0537508
3127	0.749465	0.0579365
3130	0.749176	0.0572937
3133	0.745502	0.0567746
3136	0.745033	0.0968778
3139	0.744354	0.0510492
3142	0.743822	0.048473
3145	0.743898	0.0444333
3148	0.744475	0.0450508
3151	0.744825	0.0404524
3154	0.744314	0.0389365
3157	0.744727	0.0379222
3160	0.744671	0.0958635
3163	0.744983	0.0443286
3166	0.744557	0.0393587
3169	0.744276	0.0354952
3172	0.744017	0.0301937
3175	0.743622	0.0353302
3178	0.741848	0.0408032
3181	0.74077	0.0431365
3184	0.738892	0.0477667
3187	0.737319	0.101252
3190	0.734937	0.058027
3193	0.733508	0.0536063
3196	0.733473	0.0487095
3199	0.732981	0.0436667
3202	0.732284	0.036046
3205	0.732057	0.0339508
3208	0.73146	0.0318317
3211	0.731098	0.0830841
3214	0.731168	0.0281968
3217	0.730859	0.0225587
3220	0.730175	0.020627
3223	0.729878	0.0184762
3226	0.729384	0.0181381
3229	0.728786	0.021054
3232	0.728152	0.0204984
3235	0.728837	0.0763032
3238	0.728798	0.0197444
3241	0.728735	0.0145667
3244	0.728471	0.0131079
3247	0.728111	0.0140587
3250	0.727473	0.011519
3253	0.727795	0.0126333
3256	0.727417	0.0118
3259	0.727533	0.00941111
3262	0.72791	0.0582206
3265	0.727963	0.0111413
3268	0.727765	0.0108952
3271	0.727484	0.00890317
3274	0.727505	0.00960635
3277	0.727948	0.00968254
3280	0.728384	0.00656349
3283	0.728563	0.0086127
3286	0.731298	0.0565968
3289	0.731419	0.0100937
3292	0.731249	0.00940952
3295	0.731029	0.00896984
3298	0.730792	0.00888413
3301	0.730692	0.00798254
3304	0.730838	0.00815873
3307	0.730594	0.00678889
3310	0.7303	0.0548429
3313	0.72896	0.0159698
3316	0.729202	0.0145651
3319	0.728935	0.0141048
3322	0.72859	0.0150206
3325	0.729341	0.0143619
3328	0.729662	0.0162079
3331	0.7301	0.0157413
3334	0.729794	0.0162619
3337	0.730457	0.0562
3340	0.730465	0.0229175
3343	0.730665	0.0203063
3346	0.730524	0.0191016
3349	0.729924	0.0173508
3352	0.729076	0.0171984
3355	0.729056	0.0179429
3358	0.729229	0.0175175
3361	0.72911	0.0558333
3364	0.728605	0.0215762
3367	0.728702	0.0198238
3370	0.728914	0.0153048
3373	0.73003	0.0138746
3376	0.73051	0.0107413
3379	0.730708	0.00689365
3382	0.730771	0.00689524
3385	0.731197	0.050319
3388	0.731159	0.0126413
3391	0.731033	0.0104206
3394	0.730735	0.0093619
3397	0.730306	0.00775714
3400	0.73053	0.00517143
3403	0.730583	0.00616032
3406	0.73043	0.00548095
3409	0.730519	0.00588413
3412	0.731086	0.0440048
3415	0.731022	0.00925556
3418	0.73094	0.00778254
3421	0.730941	0.00896349
3424	0.730979	0.00515556
3427	0.730784	0.00422381
3430	0.73093	0.00353492
3433	0.731579	0.00411429
3436	0.735313	0.0485952
3439	0.735178	0.00727937
3442	0.735183	0.00719048
3445	0.735254	0.00483968
3448	0.73524	0.00403333
3451	0.735194	0.00385873
3454	0.735241	0.00403016
3457	0.734998	0.00467937
3460	0.73527	0.0447079
3463	0.735414	0.0125413
3466	0.735344	0.0106365
3469	0.735275	0.00840159
3472	0.734981	0.00802698
3475	0.734779	0.0047619
3478	0.734703	0.00295397
3481	0.734754	0.00350635
3484	0.734643	0.00244603
3487	0.735352	0.0363444
3490	0.735306	0.00671587
3493	0.73499	0.00430317
3496	0.734886	0.00435873
3499	0.73467	0.00217143
3502	0.734792	0.00314762
3505	0.734676	0.00299206
3508	0.734498	0.00336984
3511	0.735008	0.0358508
3514	0.735175	0.00602381
3517	0.735121	0.00291905
3520	0.735213	0.00220159
3523	0.735146	0.00185397
3526	0.734951	0.00120159
3529	0.7348	0.000847619
3532	0.734903	0.000849206
3535	0.734998	0.0352683
3538	0.734765	0.00432857
3541	0.734595	0.00402698
3544	0.734603	0.00389524
3547	0.734662	0.00574127
3550	0.734537	0.00565556
3553	0.734459	0.00476667
3556	0.73441	0.00574762
3559	0.734356	0.00579206
3562	0.734524	0.0310413
3565	0.734327	0.00623968
3568	0.734537	0.00500952
3571	0.735151	0.0367365
3574	0.735092	0.00655079
3577	0.734732	0.00488254
3580	0.734786	0.00559683
3583	0.734594	0.00608254
3586	0.734152	0.00617619
3589	0.734394	0.00545873
3592	0.734322	0.00628413
3595	0.733851	0.0387127
3598	0.733867	0.00805238
3601	0.733951	0.00659048
3604	0.733981	0.00373651
3607	0.734187	0.00436667
3610	0.734348	0.00304762
3613	0.734837	0.00415397
3616	0.734965	0.00521111
3619	0.735716	0.0410825
3622	0.735546	0.014173
3625	0.735595	0.0139571
3628	0.735265	0.00968889
3631	0.734622	0.00829365
3634	0.734457	0.00783968
3637	0.734116	0.00733492
3640	0.734002	0.00717302
3643	0.734019	0.00692381
3646	0.733997	0.0377429
3649	0.734168	0.011646
3652	0.734406	0.00869048
3655	0.734459	0.00740635
3658	0.734579	0.00616667
3661	0.734357	0.00511111
3664	0.734725	0.00366825
3667	0.734751	0.00501905
3670	0.735487	0.0372476
3673	0.734663	0.011
3676	0.734456	0.0116048
3679	0.734884	0.0101159
3682	0.734837	0.0131762
3685	0.734825	0.0100683
3688	0.734762	0.0075619
3691	0.734592	0.00436984
3694	0.735081	0.0383651
3697	0.734419	0.0193317
3700	0.734544	0.0251
3703	0.734967	0.0294254
3706	0.7346	0.0309238
3709	0.73391	0.0309968
3712	0.733581	0.0299032
3715	0.733137	0.0280476
3718	0.732729	0.0282968
3721	0.732256	0.0544397
3724	0.732581	0.0297381
3727	0.7329	0.0278857
3730	0.732798	0.0267857
3733	0.732695	0.0266238
3736	0.731856	0.0270349
3739	0.731478	0.0256746
3742	0.731243	0.0256317
3745	0.731989	0.0500413
3748	0.731878	0.0241206
3751	0.731679	0.0216048
3754	0.731133	0.0186635
3757	0.731184	0.0147206
3760	0.730995	0.00582222
3763	0.730217	0.00653968
3766	0.728921	0.00679841
3769	0.729744	0.0443794
3772	0.730105	0.014354
3775	0.730397	0.0175048
3778	0.730963	0.0183587
3781	0.732044	0.0210206
3784	0.731827	0.018781
3787	0.731456	0.0194714
3790	0.731387	0.0169873
3793	0.731073	0.0178825
3796	0.731041	0.0622063
3799	0.729879	0.0349349
3802	0.729403	0.0364905
3805	0.728851	0.0376302
3808	0.728792	0.0390302
3811	0.728767	0.0375825
3814	0.729337	0.0335921
3817	0.72917	0.0290968
3820	0.73393	0.0781524
3823	0.733911	0.0182984
3826	0.733952	0.00946349
3829	0.734083	0.00641746
3832	0.734383	0.00559524
3835	0.734135	0.00638889
3838	0.733643	0.00554127
3841	0.733411	0.00582222
3844	0.733429	0.0478841
3847	0.733362	0.0132016
3850	0.733494	0.0104317
3853	0.733638	0.00826349
3856	0.733419	0.00850952
3859	0.733257	0.0087
3862	0.733768	0.00873333
3865	0.733606	0.0118397
3868	0.733759	0.011519
3871	0.734944	0.045373
3874	0.735084	0.014427
3877	0.735729	0.0107063
3880	0.735783	0.0124778
3883	0.735322	0.0125206
3886	0.734998	0.00882381
3889	0.735162	0.00854444
3892	0.7352	0.0125603
3895	0.734835	0.0519587
3898	0.734938	0.0237286
3901	0.732871	0.0248841
3904	0.734402	0.0211286
3907	0.734678	0.0176127
3910	0.734917	0.0136476
3913	0.734402	0.012046
3916	0.734376	0.010854
3919	0.734546	0.0490571
3922	0.734587	0.0151381
3925	0.734902	0.0111492
3928	0.735048	0.0107413
3931	0.733903	0.0105746
3934	0.73444	0.00961746
3937	0.734983	0.00629206
3940	0.734803	0.00791746
3943	0.734646	0.00826508
3946	0.73519	0.0369619
3949	0.735529	0.00770476
3952	0.735308	0.00584127
3955	0.735417	0.00509206
3958	0.735429	0.0072381
3961	0.735051	0.00892063
3964	0.73446	0.00903175
3967	0.734992	0.0064873
3970	0.735546	0.0440127
3973	0.735357	0.00925556
3976	0.735737	0.00710952
3979	0.735621	0.0085381
3982	0.734071	0.0111937
3985	0.731311	0.0124492
3988	0.733935	0.00889365
3991	0.73546	0.00606508
3994	0.7355	0.0422794
3997	0.735203	0.00739524
4000	0.735148	0.00581746
4003	0.734998	0.00420159
4006	0.734975	0.00496508
4009	0.735189	0.00356032
4012	0.735348	0.00256508
4015	0.7352	0.00456825
4018	0.735146	0.00785397
4021	0.735325	0.0450317
4024	0.734954	0.014773
4027	0.735268	0.0132143
4030	0.734627	0.0124349
4033	0.734924	0.0126254
4036	0.734951	0.0125968
4039	0.734638	0.0105317
4042	0.734976	0.00882698
4045	0.734608	0.043673
4048	0.734371	0.00810635
4051	0.734452	0.00498889
4054	0.7344	0.00287778
4057	0.734527	0.00313333
4060	0.734521	0.00340159
4063	0.734519	0.00607619
4066	0.734802	0.00751587
4069	0.734256	0.0536841
4072	0.733957	0.0102476
4075	0.733979	0.0077873
4078	0.734143	0.00501429
4081	0.7342	0.00470317
4084	0.734237	0.00649841
4087	0.734502	0.00855397
4090	0.734292	0.00809365
4093	0.734144	0.00776825
4096	0.736029	0.0458016
4099	0.736014	0.0142968
4102	0.73529	0.010973
4105	0.73541	0.00943175
4108	0.735084	0.00916984
4111	0.734817	0.00710476
4114	0.734286	0.00680635
4117	0.734205	0.00795238
4120	0.733465	0.0437111
4123	0.733286	0.0112365
4126	0.733394	0.0103238
4129	0.732897	0.0165635
4132	0.732622	0.0225778
4135	0.732338	0.0285429
4138	0.731767	0.0355317
4141	0.73121	0.0402063
4144	0.730968	0.0852873
4147	0.73077	0.0530619
4150	0.730811	0.0555746
4153	0.730678	0.0584667
4156	0.730211	0.0607587
4159	0.729244	0.0643063
4162	0.728414	0.0750032
4165	0.727851	0.0804968
4168	0.727738	0.0858032
4171	0.726976	0.115976
4174	0.727681	0.102068
4177	0.728837	0.0920921
4180	0.729414	0.102786
4183	0.733559	0.0961175
4186	0.737284	0.107927
4189	0.738854	0.113154
4192	0.74006	0.104737
4195	0.739932	0.141548
4198	0.739473	0.132471
4201	0.738278	0.159441
4204	0.736317	0.174822
4207	0.735868	0.196079
4210	0.735344	0.211076
4213	0.737217	0.227884
4216	0.737984	0.245402
4219	0.741729	0.260852
4222	0.74379	0.247875
4225	0.748332	0.263081
4228	0.752252	0.261302
4231	0.757103	0.273119
4234	0.758922	0.287949
4237	0.757711	0.295424
4240	0.75633	0.321384
4243	0.75964	0.339592
4246	0.758833	0.326198
4249	0.752041	0.349051
4252	0.748035	0.351084
4255	0.743894	0.374327
4258	0.744086	0.369848
4261	0.743683	0.389449
4264	0.744449	0.378325
4267	0.747498	0.379498
4270	0.748379	0.376386
4273	0.750133	0.380914
4276	0.752133	0.38456
4279	0.752324	0.393537
4282	0.757708	0.398338
4285	0.763483	0.396494
4288	0.764194	0.399487
4291	0.766416	0.391843
4294	0.761959	0.402827
4297	0.756452	0.381221
4300	0.750605	0.382562
4303	0.748883	0.384921
4306	0.742737	0.383775
4309	0.744897	0.377954
4312	0.748316	0.372238
4315	0.746359	0.369422
4318	0.740713	0.38407
4321	0.740095	0.381768
4324	0.735937	0.380121
4327	0.736819	0.381878
4330	0.73723	0.36244
4333	0.737219	0.368071
4336	0.734905	0.364875
4339	0.729721	0.361438
4342	0.726051	0.358235
4345	0.720862	0.366686
4348	0.717195	0.361652
4351	0.716287	0.36091
4354	0.718106	0.356217
4357	0.718825	0.351697
4360	0.724862	0.344583
4363	0.73107	0.341524
4366	0.732883	0.34551
4369	0.738651	0.349289
4372	0.740551	0.347448
4375	0.741557	0.346524
4378	0.737702	0.359276
4381	0.743841	0.352938
4384	0.743975	0.358594
4387	0.744405	0.358521
4390	0.743535	0.36263
4393	0.734998	0.38066
4396	0.733895	0.364487
4399	0.73133	0.357
4402	0.723614	0.349725
4405	0.717011	0.33924
4408	0.695487	0.346784
4411	0.683757	0.33589
4414	0.690919	0.332392
4417	0.706829	0.331221
4420	0.72546	0.342002
4423	0.728244	0.338349
4426	0.716367	0.342578
4429	0.709738	0.353905
4432	0.706498	0.356233
4435	0.703146	0.352216
4438	0.692454	0.347068
4441	0.685951	0.344995
4444	0.67979	0.359633
4447	0.666273	0.350051
4450	0.656595	0.347116
4453	0.645208	0.344217
4456	0.634437	0.344071
4459	0.624632	0.344767
4462	0.630557	0.345797
4465	0.634505	0.353733
4468	0.645379	0.362908
4471	0.648968	0.37424
4474	0.655768	0.371713
4477	0.655676	0.374494
4480	0.655041	0.380606
4483	0.658437	0.381438
4486	0.662932	0.400379
4489	0.667005	0.373881
4492	0.677297	0.377162
4495	0.684416	0.375129
4498	0.695276	0.377954
4501	0.70471	0.382944
4504	0.723	0.387119
4507	0.737498	0.384998
4510	0.744535	0.387548
4513	0.755363	0.386667
4516	0.758684	0.374848
4519	0.756586	0.380949
4522	0.754519	0.369379
4525	0.751505	0.361579
4528	0.751752	0.3673
4531	0.750232	0.358563
4534	0.751714	0.356384
4537	0.755441	0.351184
4540	0.754381	0.34109
4543	0.756697	0.334268
4546	0.749246	0.337814
4549	0.745405	0.333471
4552	0.735535	0.340571
4555	0.728678	0.358059
4558	0.723659	0.391073
4561	0.723924	0.376544
4564	0.72326	0.398417
4567	0.730381	0.383065
4570	0.731908	0.396806
4573	0.727235	0.369263
4576	0.719146	0.360889
4579	0.70711	0.348548
4582	0.703797	0.349454
4585	0.705011	0.343065
4588	0.703505	0.33686
4591	0.707649	0.341914
4594	0.715992	0.347479
4597	0.720897	0.324708
4600	0.712921	0.326268
4603	0.707863	0.321014
4606	0.707316	0.316654
4609	0.708295	0.309525
4612	0.714102	0.306617
4615	0.719224	0.290162
4618	0.720775	0.282346
4621	0.720378	0.277535
4624	0.707914	0.2734
4627	0.694763	0.259286
4630	0.688943	0.26693
4633	0.682194	0.283806
4636	0.679678	0.287854
4639	0.684921	0.286292
4642	0.6931	0.293378
4645	0.696281	0.307198
4648	0.7049	0.305062
4651	0.706995	0.307184
4654	0.71424	0.303197
4657	0.722981	0.302986
4660	0.731302	0.299925
4663	0.736227	0.286681
4666	0.735925	0.279579
4669	0.719403	0.280614
4672	0.708225	0.260814
4675	0.695265	0.274363
4678	0.69084	0.25471
4681	0.669059	0.262084
4684	0.657875	0.262054
4687	0.648502	0.233789
4690	0.644622	0.229213
4693	0.651075	0.2238
4696	0.651046	0.233441
4699	0.658352	0.231329
4702	0.666317	0.234483
4705	0.671925	0.243489
4708	0.680063	0.249032
4711	0.692114	0.260211
4714	0.706592	0.28364
4717	0.709678	0.302806
4720	0.7202	0.321752
4723	0.722587	0.317316
4726	0.725994	0.321125
4729	0.732108	0.330029
4732	0.736024	0.31573
4735	0.738108	0.307759
4738	0.741743	0.294143
4741	0.74054	0.279594
4744	0.740752	0.282024
4747	0.717959	0.274263
4750	0.669773	0.260437
4753	0.602683	0.248202
4756	0.558084	0.208402
4759	0.478727	0.210119
4762	0.436857	0.175141
4765	0.406346	0.155232
4768	0.378689	0.138037
4771	0.346121	0.127473
4774	0.33329	0.0979937
4777	0.327135	0.0819556
4780	0.324552	0.0651095
4783	0.315676	0.0512175
4786	0.302946	0.0402381
4789	0.284016	0.0296048
4792	0.274622	0.0182556
4795	0.271105	0.0180397
4798	0.267532	0.00595397
4801	0.267165	0.00123968
4804	0.267138	0.000693651
4807	0.267738	0.000561905
4810	0.261025	0.00108571
4813	0.249776	0.000912698
4816	0.24099	0.00128571
4819	0.216217	0.0070381
4822	0.216095	0.00128571
4825	0.215551	0.00182063
4828	0.215616	0.00193968
4831	0.215675	0.00151587
4834	0.212644	0.0142698
4837	0.212594	0.00501111
4840	0.212537	0.00421111
4843	0.212332	0.00521111
4846	0.211621	0.00542857
4849	0.210879	0.00484762
4852	0.210841	0.00525714
4855	0.210568	0.00443175
4858	0.210624	0.0111365
4861	0.210962	0.00547619
4864	0.21047	0.00490952
4867	0.210371	0.00524603
4870	0.210308	0.00385873
4873	0.210454	0.00513492
4876	0.210327	0.00475556
4879	0.209956	0.00423651
4882	0.209489	0.00504444
4885	0.2088	0.00799365
4888	0.208857	0.00483651
4891	0.208751	0.00476508
4894	0.208398	0.00487937
4897	0.207917	0.00440317
4900	0.20806	0.00311429
4903	0.208179	0.00328413
4906	0.207813	0.00315079
4909	0.205756	0.00719524
4912	0.205076	0.00299841
4915	0.20466	0.0049254
4918	0.214949	0.0337778
4921	0.241303	0.0588175
4924	0.272951	0.0677048
4927	0.300651	0.0921841
4930	0.317532	0.10807
4933	0.340425	0.13353
4936	0.388102	0.129132
4939	0.468625	0.132738
4942	0.512778	0.119819
4945	0.524908	0.114957
4948	0.531529	0.108148
4951	0.520119	0.0987968
4954	0.509216	0.0917159
4957	0.45476	0.0860365
4960	0.396171	0.0870317
4963	0.36314	0.0629667
4966	0.300325	0.0651619
4969	0.280627	0.0703571
4972	0.290262	0.103929
4975	0.312327	0.128632
4978	0.337297	0.143498
4981	0.352948	0.146463
4984	0.351398	0.144159
4987	0.349717	0.133524
4990	0.343473	0.125311
4993	0.325665	0.121046
4996	0.305249	0.116678
4999	0.28761	0.107516
5002	0.274992	0.0968952
5005	0.269533	0.0888476
5008	0.257787	0.0860952
5011	0.251178	0.0679889
5014	0.244641	0.0568397
5017	0.237944	0.041146
5020	0.233319	0.0393286
5023	0.232086	0.0392063
5026	0.241181	0.035919
5029	0.250756	0.031081
5032	0.257479	0.0250016
5035	0.247938	0.0291476
5038	0.240754	0.0237
5041	0.232703	0.0233667
5044	0.2279	0.0230095
5047	0.237632	0.031881
5050	0.250921	0.0495095
5053	0.263062	0.0658206
5056	0.28554	0.0777635
5059	0.323124	0.0998683
5062	0.377487	0.101895
5065	0.431005	0.105675
5068	0.457459	0.117005
5071	0.491957	0.136378
5074	0.525081	0.150644
5077	0.549443	0.16133
5080	0.567357	0.164994
5083	0.584065	0.171575
5086	0.572422	0.176094
5089	0.511933	0.181579
5092	0.407489	0.176846
5095	0.359697	0.15783
5098	0.326944	0.146835
5101	0.290484	0.130367
5104	0.252281	0.113163
5107	0.221252	0.0912206
5110	0.204454	0.0821905
5113	0.204289	0.0675381
5116	0.206633	0.0599317
5119	0.206783	0.0438683
5122	0.19369	0.0296952
5125	0.175005	0.0199111
5128	0.164632	0.00740635
5131	0.163167	0.000585714
5134	0.160821	0.00817302
5137	0.161192	0.000733333
5140	0.161529	0.000393651
5143	0.161857	0.000206349
5146	0.161971	9.84127e-05
5149	0.162137	9.52381e-05
5152	0.162216	5.71429e-05
5155	0.162359	2.06349e-05
5158	0.161848	0.00655714
5161	0.162668	0.000839683
5164	0.162675	0.000322222
5167	0.163079	0.0005
5170	0.163254	0.00022381
5173	0.163351	0.000130159
5176	0.163537	7.30159e-05
5179	0.163706	5.39683e-05
5182	0.163506	7.61905e-05
5185	0.163162	0.00443016
5188	0.16321	0.000292063
5191	0.163351	0.000239683
5194	0.163114	0.00439048
5197	0.163605	0.000452381
5200	0.163357	0.000412698
5203	0.163387	0.000128571
5206	0.163259	0.000193651
5209	0.163394	0.000101587
5212	0.163213	0.000150794
5215	0.16323	4.28571e-05
5218	0.162919	3.49206e-05
5221	0.16363	0.00535397
5224	0.16371	0.000947619
5227	0.163744	0.000265079
5230	0.163887	0.000525397
5233	0.163571	6.66667e-05
5236	0.163498	0.0001
5239	0.163175	0.000144444
5242	0.16314	3.80952e-05
5245	0.159325	0.0042127
5248	0.159459	0.000263492
5251	0.159425	0.000242857
5254	0.15951	0.000163492
5257	0.170338	0.0167349
5260	0.189741	0.0363127
5263	0.214124	0.0547921
5266	0.244271	0.0676063
5269	0.296494	0.0770889
5272	0.322021	0.0690048
5275	0.342429	0.0676841
5278	0.358227	0.0642206
5281	0.367881	0.061454
5284	0.372165	0.0582413
5287	0.374375	0.0592333
5290	0.381833	0.0827603
5293	0.387735	0.102424
5296	0.403697	0.128075
5299	0.438654	0.118389
5302	0.493549	0.120398
5305	0.53049	0.109279
5308	0.557954	0.104589
5311	0.576654	0.0975873
5314	0.593584	0.0925159
5317	0.606857	0.0841619
5320	0.633308	0.0909063
5323	0.635284	0.0703746
5326	0.639025	0.0682857
5329	0.637994	0.0717635
5332	0.629317	0.0874111
5335	0.622987	0.0937937
5338	0.616038	0.100622
5341	0.609541	0.0973206
5344	0.581486	0.113068
5347	0.587637	0.0940111
5350	0.587868	0.100811
5353	0.589876	0.116121
5356	0.587016	0.13119
5359	0.588146	0.150786
5362	0.566997	0.173913
5365	0.558256	0.160789
5368	0.521563	0.16216
5371	0.50774	0.169419
5374	0.511289	0.139392
5377	0.514029	0.130819
5380	0.51489	0.120827
5383	0.506306	0.114994
5386	0.497505	0.124059
5389	0.489495	0.12683
5392	0.480965	0.124829
5395	0.470398	0.159749
5398	0.478935	0.132351
5401	0.480962	0.122852
5404	0.483721	0.119108
5407	0.486778	0.114678
5410	0.49186	0.107257
5413	0.496649	0.0990937
5416	0.502533	0.107748
5419	0.50066	0.15339
5422	0.51129	0.125478
5425	0.525435	0.119579
5428	0.532548	0.116505
5431	0.534625	0.122375
5434	0.534905	0.128603
5437	0.540924	0.129949
5440	0.54621	0.133037
5443	0.548948	0.13644
5446	0.552348	0.199549
5449	0.562184	0.15393
5452	0.569424	0.150011
5455	0.573302	0.138644
5458	0.57727	0.13113
5461	0.58224	0.126862
5464	0.592624	0.115651
5467	0.601127	0.103846
5470	0.62236	0.154617
5473	0.624968	0.0944587
5476	0.627592	0.0915905
5479	0.629262	0.0939825
5482	0.630652	0.0970603
5485	0.630368	0.0954429
5488	0.6299	0.092046
5491	0.629135	0.0919841
5494	0.640729	0.152638
5497	0.644765	0.0967937
5500	0.663454	0.0906635
5503	0.682763	0.0879206
5506	0.692024	0.0777063
5509	0.698633	0.0721889
5512	0.702283	0.0755651
5515	0.70343	0.073246
5518	0.703932	0.0711968
5521	0.71199	0.147667
5524	0.711589	0.0833683
5527	0.710411	0.0867206
5530	0.710571	0.0776222
5533	0.710868	0.0845429
5536	0.709646	0.0922524
5539	0.708684	0.0835365
5542	0.708778	0.0776698
5545	0.710424	0.142459
5548	0.710775	0.075581
5551	0.711048	0.0674302
5554	0.710224	0.0674841
5557	0.710033	0.0683397
5560	0.709151	0.0664413
5563	0.708032	0.0734825
5566	0.706662	0.0787095
5569	0.702384	0.163695
5572	0.700267	0.109103
5575	0.699225	0.106483
5578	0.699227	0.107962
5581	0.698956	0.105337
5584	0.698771	0.096046
5587	0.6996	0.0916413
5590	0.700598	0.0869254
5593	0.701305	0.0799603
5596	0.699763	0.14493
5599	0.698983	0.0765333
5602	0.698924	0.0634841
5605	0.698776	0.0620413
5608	0.698178	0.0619746
5611	0.696933	0.0593762
5614	0.694354	0.0581048
5617	0.693262	0.0581095
5620	0.69091	0.126335
5623	0.690381	0.0666921
5626	0.689721	0.0578127
5629	0.68914	0.0526032
5632	0.689106	0.0497952
5635	0.689335	0.0464921
5638	0.689389	0.0393381
5641	0.69023	0.0382825
5644	0.692624	0.120849
5647	0.692592	0.0390381
5650	0.693106	0.0379746
5653	0.690283	0.0400127
5656	0.688251	0.0401095
5659	0.688173	0.0380238
5662	0.688448	0.0353206
5665	0.689224	0.0340921
5668	0.689111	0.0302492
5671	0.689876	0.0959365
5674	0.689754	0.0351683
5677	0.690379	0.0311127
5680	0.690544	0.0303683
5683	0.690133	0.0287254
5686	0.690119	0.0253587
5689	0.690392	0.0280048
5692	0.690751	0.0265397
5695	0.691398	0.091619
5698	0.69179	0.0334048
5701	0.690356	0.0304619
5704	0.687971	0.0217921
5707	0.687552	0.0181587
5710	0.684748	0.0190667
5713	0.681414	0.0171317
5716	0.680343	0.0150222
5719	0.680867	0.0842667
5722	0.681038	0.00804286
5725	0.680865	0.00971429
5728	0.680514	0.00746825
5731	0.680248	0.00997143
5734	0.679979	0.0067619
