1	0.308529	0.703729
4	0.301357	0.0549571
7	0.302671	0.0625143
10	0.312671	0.0693143
13	0.330857	0.0678143
16	0.347771	0.0627571
19	0.357657	0.0654143
22	0.3729	0.0511857
25	0.385071	0.0541286
28	0.3855	0.0562429
31	0.380429	0.0574286
34	0.3779	0.0542286
37	0.377657	0.0534286
40	0.373571	0.0481857
43	0.3696	0.0457714
46	0.355786	0.0520143
49	0.352843	0.0371429
52	0.349914	0.0358571
55	0.348086	0.0354714
58	0.349843	0.0312571
61	0.3505	0.0323429
64	0.348014	0.0310286
67	0.347671	0.0278429
70	0.3396	0.0385429
73	0.3409	0.0244286
76	0.3399	0.026
79	0.341771	0.0307857
82	0.348186	0.0409
85	0.359214	0.0537286
88	0.373429	0.0642857
91	0.385829	0.0708857
94	0.401757	0.111343
97	0.414886	0.0820571
100	0.429071	0.0728714
103	0.440043	0.0712429
106	0.444029	0.0758
109	0.445557	0.0787286
112	0.443471	0.0827714
115	0.436514	0.0882429
118	0.428743	0.0900857
121	0.420014	0.1108
124	0.427971	0.0904286
127	0.433586	0.0867
130	0.440771	0.0898571
133	0.442057	0.0850714
136	0.448086	0.0797571
139	0.448414	0.0756714
142	0.449271	0.0698571
145	0.438071	0.0848857
148	0.438029	0.0601286
151	0.435271	0.0576286
154	0.432086	0.0556286
157	0.427586	0.0560714
160	0.422714	0.0446571
163	0.418014	0.0445429
166	0.414457	0.0446429
169	0.401614	0.0650857
172	0.399586	0.0431143
175	0.396586	0.0361429
178	0.394571	0.0342857
181	0.392171	0.0302857
184	0.389829	0.0312143
187	0.387514	0.0269286
190	0.3853	0.0230429
193	0.383186	0.0173143
196	0.377757	0.0383714
199	0.377914	0.0153571
202	0.377557	0.0110857
205	0.377486	0.0116143
208	0.377186	0.00988571
211	0.376771	0.00995714
214	0.376771	0.0095
217	0.376971	0.0102286
220	0.3782	0.0356
223	0.378429	0.0148571
226	0.378686	0.00878571
229	0.377729	0.00928571
232	0.377071	0.00911429
235	0.377771	0.0101286
238	0.376443	0.0112429
241	0.376157	0.0118714
244	0.3736	0.0381714
247	0.374829	0.0161429
250	0.375857	0.00882857
253	0.375886	0.00697143
256	0.375057	0.00658571
259	0.375	0.00608571
262	0.374814	0.00651429
265	0.3739	0.00707143
268	0.373871	0.00607143
271	0.3692	0.031
274	0.368871	0.00912857
277	0.368929	0.00947143
280	0.372886	0.0102286
283	0.3761	0.0118571
286	0.378343	0.0163571
289	0.379114	0.0160857
292	0.377814	0.0139286
295	0.369271	0.0385143
298	0.366086	0.0159286
301	0.362371	0.0108714
304	0.361814	0.00964286
307	0.362557	0.0102143
310	0.363014	0.0131
313	0.363414	0.0141286
316	0.3635	0.0123571
319	0.3646	0.0450143
322	0.364943	0.0169571
325	0.365314	0.0140143
328	0.365643	0.0146286
331	0.366457	0.0144143
334	0.366729	0.0065
337	0.366486	0.00728571
340	0.370114	0.0126143
343	0.373914	0.0178571
346	0.376871	0.0500286
349	0.382543	0.0255714
352	0.386143	0.0248429
355	0.389771	0.0259286
358	0.394071	0.0201
361	0.396414	0.0181429
364	0.3963	0.0184429
367	0.3963	0.0163714
370	0.394857	0.0427
373	0.394	0.0179143
376	0.391543	0.0170286
379	0.387857	0.0154143
382	0.388371	0.0189
385	0.392157	0.0236143
388	0.397971	0.029
391	0.4068	0.0378286
394	0.401729	0.0637143
397	0.411586	0.0442857
400	0.414671	0.0442429
403	0.4194	0.0433
406	0.426314	0.0490429
409	0.434571	0.0544714
412	0.443857	0.0643714
415	0.451357	0.0692571
418	0.458314	0.0754714
421	0.466771	0.124614
424	0.477986	0.0968286
427	0.487586	0.101586
430	0.496929	0.105886
433	0.507857	0.111386
436	0.517086	0.115314
439	0.520314	0.115843
442	0.525014	0.1168
445	0.531986	0.147714
448	0.536686	0.1193
451	0.543229	0.118929
454	0.548957	0.1139
457	0.554071	0.110229
460	0.557971	0.106371
463	0.563371	0.100986
466	0.567286	0.0929143
469	0.576571	0.125471
472	0.578543	0.0835
475	0.578557	0.0769714
478	0.579886	0.0716714
481	0.580186	0.0770714
484	0.580786	0.0690857
487	0.580671	0.0638143
490	0.580714	0.0571857
493	0.581229	0.0544143
496	0.575329	0.0864429
499	0.5743	0.0536714
502	0.573671	0.0539571
505	0.571314	0.0547286
508	0.5698	0.0562857
511	0.570514	0.0635429
514	0.573957	0.0696714
517	0.591243	0.0651857
520	0.618629	0.137543
523	0.636557	0.0720714
526	0.6445	0.0756
529	0.649557	0.0721714
532	0.651457	0.0712429
535	0.652171	0.0714857
538	0.653229	0.0702857
541	0.654486	0.0691286
544	0.665229	0.128929
547	0.662743	0.0704286
550	0.661443	0.0683429
553	0.661414	0.0587286
556	0.660114	0.0571143
559	0.659286	0.0564
562	0.658871	0.0727857
565	0.658857	0.0785857
568	0.659914	0.0871714
571	0.656014	0.111657
574	0.655586	0.0646857
577	0.654557	0.0410571
580	0.654214	0.0350571
583	0.6551	0.0349143
586	0.654086	0.0398857
589	0.653957	0.0388571
592	0.656457	0.0447571
595	0.668471	0.106571
598	0.6731	0.0549286
601	0.674257	0.0539429
604	0.678229	0.0493
607	0.688529	0.0503857
610	0.693671	0.0522286
613	0.694257	0.0524857
616	0.697	0.0563429
619	0.709586	0.120243
622	0.709286	0.0613143
625	0.7089	0.0606857
628	0.708514	0.0585857
631	0.711471	0.0574714
634	0.713729	0.0551
637	0.713743	0.0536429
640	0.714071	0.0488429
643	0.713586	0.0493714
646	0.716529	0.0997571
649	0.715571	0.0498857
652	0.714529	0.0505
655	0.713386	0.0507857
658	0.711557	0.0473857
661	0.710414	0.0479429
664	0.7101	0.0461571
667	0.709571	0.0467571
670	0.7081	0.0985143
673	0.706571	0.0570571
676	0.705714	0.0522429
679	0.703957	0.0473857
682	0.703514	0.0492143
685	0.704471	0.0438571
688	0.703229	0.0425286
691	0.703514	0.0418143
694	0.701857	0.103486
697	0.702114	0.0500571
700	0.702429	0.0456286
703	0.702557	0.0406714
706	0.702714	0.0356857
709	0.702586	0.0366571
712	0.703171	0.0357
715	0.703214	0.0343286
718	0.704186	0.0255
721	0.704671	0.0756286
724	0.704943	0.0281286
727	0.704971	0.0240714
730	0.704986	0.0198714
733	0.7045	0.0149714
736	0.7044	0.0146429
739	0.704414	0.0104143
742	0.704557	0.00674286
745	0.7044	0.0536714
748	0.704814	0.0113
751	0.704529	0.00742857
754	0.704757	0.00498571
757	0.7053	0.00511429
760	0.705643	0.00584286
763	0.705643	0.00578571
766	0.705514	0.00555714
769	0.706386	0.0587857
772	0.707086	0.00817143
775	0.707029	0.00681429
778	0.707257	0.00728571
781	0.706914	0.00641429
784	0.7061	0.00795714
787	0.705157	0.0124857
790	0.704814	0.0162857
793	0.704457	0.0174
796	0.701986	0.0605571
799	0.701186	0.0280143
802	0.699171	0.0293143
805	0.698357	0.0303286
808	0.6982	0.0288286
811	0.698443	0.0285286
814	0.6984	0.0282
817	0.699857	0.0264571
820	0.702243	0.0726857
823	0.7034	0.0191143
826	0.704714	0.0178286
829	0.705486	0.0146
832	0.705971	0.0111
835	0.706514	0.0087
838	0.706829	0.00765714
841	0.7071	0.00795714
844	0.708171	0.0510143
847	0.708143	0.0130571
850	0.708343	0.0101143
853	0.708414	0.00871429
856	0.708186	0.0083
859	0.707614	0.00731429
862	0.7077	0.00904286
865	0.707457	0.0113286
868	0.707786	0.00932857
871	0.706886	0.0427857
874	0.706529	0.0104429
877	0.706543	0.0093
880	0.705786	0.0432714
883	0.706257	0.0086
886	0.7062	0.00851429
889	0.706029	0.00831429
892	0.706	0.00961429
895	0.706771	0.00811429
898	0.707114	0.00754286
901	0.706871	0.00748571
904	0.706471	0.0436714
907	0.706971	0.00891429
910	0.707229	0.00987143
913	0.707286	0.007
916	0.7076	0.00767143
919	0.707286	0.00534286
922	0.707186	0.00331429
925	0.707371	0.00255714
928	0.707657	0.00158571
931	0.706329	0.0350714
934	0.705957	0.00514286
937	0.705957	0.0059
940	0.705871	0.00797143
943	0.705957	0.00825714
946	0.705629	0.0075
949	0.706014	0.00652857
952	0.7064	0.00565714
955	0.706086	0.0406286
958	0.7057	0.00927143
961	0.705514	0.00984286
964	0.7058	0.00815714
967	0.706043	0.00597143
970	0.705871	0.00721429
973	0.7049	0.00784286
976	0.704714	0.00854286
979	0.703786	0.0506714
982	0.704629	0.0145429
985	0.704286	0.0134429
988	0.705171	0.00935714
991	0.705271	0.00834286
994	0.705714	0.0072
997	0.704871	0.00698571
1000	0.705714	0.00821429
1003	0.705771	0.00728571
1006	0.704714	0.0411429
1009	0.704586	0.00735714
1012	0.703814	0.0476
1015	0.703014	0.0112286
1018	0.703557	0.0113429
1021	0.703543	0.0106286
1024	0.703429	0.00927143
1027	0.703114	0.0091
1030	0.703186	0.00762857
1033	0.703271	0.009
1036	0.704486	0.0446
1039	0.703686	0.0114143
1042	0.703729	0.0135143
1045	0.704214	0.0130429
1048	0.703886	0.0132143
1051	0.7034	0.0118429
1054	0.7034	0.00878571
1057	0.703471	0.0091
1060	0.702371	0.0546429
1063	0.702514	0.0138571
1066	0.702414	0.0109429
1069	0.703057	0.00865714
1072	0.703171	0.01
1075	0.703229	0.00735714
1078	0.703086	0.00708571
1081	0.702914	0.00678571
1084	0.703029	0.00771429
1087	0.701414	0.0478571
1090	0.702143	0.0136571
1093	0.702143	0.0111
1096	0.702471	0.0101
1099	0.702486	0.0114714
1102	0.701529	0.0112143
1105	0.701586	0.0103857
1108	0.701657	0.0099
1111	0.701286	0.0511714
1114	0.701414	0.0143857
1117	0.701657	0.0128
1120	0.701971	0.0120857
1123	0.7028	0.0120571
1126	0.7021	0.0129286
1129	0.701257	0.0162
1132	0.701971	0.0193571
1135	0.702014	0.0604
1138	0.702086	0.0226571
1141	0.702357	0.0190143
1144	0.7017	0.0158714
1147	0.701457	0.015
1150	0.702014	0.0144714
1153	0.702586	0.0157143
1156	0.701914	0.0148571
1159	0.702229	0.0159857
1162	0.702043	0.0542571
1165	0.702229	0.0196714
1168	0.7024	0.0184
1171	0.702686	0.0166286
1174	0.7029	0.0150143
1177	0.702714	0.0134857
1180	0.703171	0.0124571
1183	0.703229	0.0131714
1186	0.702129	0.0579286
1189	0.702557	0.0185286
1192	0.702614	0.0141286
1195	0.702157	0.0132571
1198	0.702343	0.0111429
1201	0.702543	0.00745714
1204	0.702143	0.0062
1207	0.702529	0.00497143
1210	0.703029	0.0495857
1213	0.702171	0.0102429
1216	0.702471	0.00818571
1219	0.702286	0.00557143
1222	0.702629	0.00604286
1225	0.702643	0.00717143
1228	0.703071	0.00965714
1231	0.702871	0.0103
1234	0.702357	0.0114
1237	0.701243	0.0456857
1240	0.701057	0.0136429
1243	0.701471	0.0138286
1246	0.701543	0.0126571
1249	0.701571	0.0114
1252	0.702086	0.00915714
1255	0.702071	0.00894286
1258	0.702457	0.00874286
1261	0.7027	0.0491
1264	0.702771	0.0107
1267	0.702629	0.0101714
1270	0.702857	0.00912857
1273	0.702686	0.00882857
1276	0.703271	0.0103286
1279	0.703757	0.0127714
1282	0.703729	0.0119429
1285	0.703257	0.0502143
1288	0.703457	0.0153714
1291	0.703757	0.0138429
1294	0.703971	0.0134857
1297	0.702686	0.0161143
1300	0.703443	0.0139286
1303	0.703871	0.0126714
1306	0.704029	0.0104429
1309	0.703871	0.0103571
1312	0.701929	0.0483571
1315	0.702029	0.0142571
1318	0.702171	0.0105714
1321	0.702386	0.00867143
1324	0.702429	0.00772857
1327	0.703329	0.00598571
1330	0.7035	0.00605714
1333	0.703386	0.00655714
1336	0.703914	0.0538571
1339	0.704543	0.0142143
1342	0.704043	0.0128286
1345	0.7041	0.0116286
1348	0.703643	0.0119143
1351	0.703857	0.0126571
1354	0.703186	0.0152143
1357	0.703714	0.0163429
1360	0.7027	0.0670857
1363	0.702243	0.0233
1366	0.702671	0.022
1369	0.702271	0.0184
1372	0.702214	0.0201429
1375	0.702771	0.0154
1378	0.702343	0.0131429
1381	0.702729	0.0125429
1384	0.702786	0.0111714
1387	0.704857	0.0529143
1390	0.704186	0.0161714
1393	0.704271	0.0111714
1396	0.704586	0.0133429
1399	0.705186	0.00997143
1402	0.705071	0.0087
1405	0.705214	0.00847143
1408	0.705129	0.00957143
1411	0.705071	0.0516286
1414	0.705171	0.0174429
1417	0.704757	0.0188857
1420	0.704457	0.0200286
1423	0.704429	0.0241714
1426	0.704686	0.0337857
1429	0.704657	0.0462571
1432	0.704829	0.0533857
1435	0.706457	0.0954571
1438	0.706657	0.0691286
1441	0.706771	0.0821571
1444	0.707429	0.0939571
1447	0.7103	0.1019
1450	0.710057	0.1079
1453	0.710171	0.112286
1456	0.709629	0.123729
1459	0.711129	0.129143
1462	0.713514	0.152957
1465	0.713614	0.149914
1468	0.714257	0.181886
1471	0.716014	0.198229
1474	0.716029	0.213571
1477	0.715314	0.215929
1480	0.714657	0.221786
1483	0.717657	0.228971
1486	0.7205	0.245943
1489	0.720643	0.249557
1492	0.724943	0.265771
1495	0.727914	0.274214
1498	0.7259	0.280043
1501	0.725171	0.277129
1504	0.725086	0.287357
1507	0.728057	0.286886
1510	0.730314	0.294586
1513	0.731857	0.284457
1516	0.733543	0.307071
1519	0.734914	0.296614
1522	0.732843	0.3095
1525	0.736043	0.300529
1528	0.738071	0.299743
1531	0.7351	0.302743
1534	0.735971	0.3031
1537	0.734414	0.312786
1540	0.735257	0.317186
1543	0.735986	0.3258
1546	0.7383	0.338314
1549	0.738814	0.372343
1552	0.742629	0.345829
1555	0.744543	0.344229
1558	0.747414	0.345429
1561	0.7463	0.348229
1564	0.743471	0.343743
1567	0.742029	0.348886
1570	0.741286	0.357729
1573	0.745129	0.369029
1576	0.746	0.373286
1579	0.747186	0.377843
1582	0.747486	0.3835
1585	0.7485	0.384157
1588	0.7473	0.381243
1591	0.7454	0.384629
1594	0.740743	0.392243
1597	0.734829	0.398171
1600	0.733	0.404443
1603	0.7346	0.415143
1606	0.736343	0.421643
1609	0.737843	0.420957
1612	0.738771	0.422214
1615	0.741171	0.410043
1618	0.740843	0.394857
1621	0.7415	0.394886
1624	0.746457	0.388329
1627	0.747857	0.379429
1630	0.744	0.380929
1633	0.7405	0.3769
1636	0.740814	0.384286
1639	0.743486	0.374814
1642	0.742643	0.372986
1645	0.741786	0.364286
1648	0.740586	0.350886
1651	0.737871	0.345486
1654	0.735529	0.346443
1657	0.730586	0.346814
1660	0.729143	0.353029
1663	0.731957	0.3427
1666	0.7339	0.3469
1669	0.735771	0.350243
1672	0.740714	0.356214
1675	0.736643	0.356014
1678	0.730043	0.3546
1681	0.726186	0.357614
1684	0.722143	0.354871
1687	0.720071	0.355471
1690	0.721243	0.351014
1693	0.724714	0.360029
1696	0.721471	0.349386
1699	0.719614	0.339157
1702	0.7216	0.336971
1705	0.721214	0.338429
1708	0.720443	0.331243
1711	0.7168	0.327971
1714	0.714329	0.329471
1717	0.7137	0.3239
1720	0.718243	0.313686
1723	0.720771	0.313714
1726	0.729686	0.312414
1729	0.7347	0.310971
1732	0.727957	0.347371
1735	0.696929	0.371629
1738	0.692929	0.336357
1741	0.6867	0.346686
1744	0.675314	0.342514
1747	0.636529	0.364371
1750	0.629929	0.319257
1753	0.599971	0.337729
1756	0.581957	0.323757
1759	0.568871	0.313071
1762	0.552157	0.310329
1765	0.5389	0.310586
1768	0.557814	0.304514
1771	0.574214	0.308629
1774	0.591471	0.311471
1777	0.613771	0.300214
1780	0.625357	0.286871
1783	0.622757	0.268686
1786	0.617057	0.266357
1789	0.614171	0.242586
1792	0.602643	0.231429
1795	0.595957	0.221686
1798	0.594814	0.226857
1801	0.601886	0.244414
1804	0.607771	0.2537
1807	0.605871	0.258714
1810	0.603514	0.2824
1813	0.602843	0.254886
1816	0.600029	0.255386
1819	0.5915	0.260429
1822	0.579157	0.258057
1825	0.556229	0.256614
1828	0.5326	0.260014
1831	0.525957	0.259157
1834	0.520271	0.250714
1837	0.499386	0.240714
1840	0.497243	0.225329
1843	0.498071	0.2121
1846	0.510529	0.190657
1849	0.515943	0.174714
1852	0.5218	0.159129
1855	0.513743	0.159343
1858	0.4993	0.166643
1861	0.5011	0.176671
1864	0.493814	0.165186
1867	0.487214	0.164086
1870	0.493086	0.178786
1873	0.504271	0.1845
1876	0.519157	0.186943
1879	0.531657	0.194957
1882	0.526914	0.218629
1885	0.510229	0.238257
1888	0.513557	0.235086
1891	0.521257	0.249014
1894	0.5287	0.252857
1897	0.510029	0.281443
1900	0.512429	0.304071
1903	0.5492	0.329286
1906	0.592871	0.354329
1909	0.617786	0.3468
1912	0.633257	0.338743
1915	0.654686	0.321543
1918	0.677114	0.307386
1921	0.689857	0.290229
1924	0.664357	0.300843
1927	0.642871	0.252486
1930	0.612043	0.237043
1933	0.527157	0.242129
1936	0.468714	0.211871
1939	0.442429	0.183829
1942	0.431329	0.166657
1945	0.4262	0.146914
1948	0.415757	0.134457
1951	0.393543	0.1131
1954	0.378443	0.0969
1957	0.365329	0.0760429
1960	0.364386	0.0811571
1963	0.360586	0.0536714
1966	0.353286	0.0456143
1969	0.341686	0.0339857
1972	0.325829	0.0232143
1975	0.311	0.0111857
1978	0.300586	0.0069
1981	0.293757	0.00687143
1984	0.279357	0.00691429
1987	0.2477	0.0154286
1990	0.246029	0.00852857
1993	0.245143	0.00807143
1996	0.240686	0.00897143
1999	0.227386	0.00992857
2002	0.236043	0.0370286
2005	0.255457	0.0638286
2008	0.281414	0.0990143
2011	0.318057	0.132229
2014	0.398429	0.163043
2017	0.464857	0.179071
2020	0.507171	0.199386
2023	0.543186	0.227771
2026	0.597257	0.261771
2029	0.640814	0.272214
2032	0.651529	0.2645
2035	0.662757	0.2715
2038	0.668986	0.2614
2041	0.6386	0.256129
2044	0.566271	0.215829
2047	0.505971	0.1926
2050	0.473786	0.179814
2053	0.437014	0.1579
2056	0.399771	0.142157
2059	0.363643	0.116743
2062	0.320714	0.103129
2065	0.3111	0.0808
2068	0.305671	0.0630429
2071	0.3028	0.0540714
2074	0.293314	0.0432714
2077	0.276243	0.0284
2080	0.253986	0.0223
2083	0.240371	0.0121714
2086	0.230871	0.0159857
2089	0.2303	0.00928571
2092	0.230414	0.00768571
2095	0.230686	0.00861429
2098	0.235214	0.00951429
2101	0.247171	0.0211
2104	0.262371	0.0332429
2107	0.2808	0.0451714
2110	0.310929	0.0693
2113	0.370571	0.0675286
2116	0.472271	0.0804
2119	0.576129	0.0861429
2122	0.6496	0.0969286
2125	0.696786	0.109429
2128	0.734214	0.129571
2131	0.751	0.1323
2134	0.762543	0.144643
2137	0.769871	0.148129
2140	0.768986	0.148443
2143	0.764914	0.153986
2146	0.766143	0.159557
2149	0.768114	0.160129
2152	0.759443	0.172314
2155	0.722671	0.1871
2158	0.674671	0.202514
2161	0.6357	0.205557
2164	0.625657	0.189257
2167	0.619314	0.175871
2170	0.6151	0.1604
2173	0.6108	0.144729
2176	0.5692	0.148743
2179	0.494814	0.1275
2182	0.429657	0.0970571
2185	0.340614	0.113114
2188	0.3229	0.0651143
2191	0.306271	0.0576857
2194	0.287457	0.0451571
2197	0.272086	0.0364
2200	0.258629	0.0275
2203	0.252229	0.0186857
2206	0.247029	0.0157143
2209	0.2408	0.0118
2212	0.2218	0.0145714
2215	0.221371	0.00514286
2218	0.220286	0.0042
2221	0.2213	0.00391429
2224	0.220171	0.0045
2227	0.219557	0.00368571
2230	0.218714	0.00521429
2233	0.217957	0.00408571
2236	0.218643	0.0098
2239	0.22	0.00514286
2242	0.219743	0.00587143
2245	0.220414	0.00541429
2248	0.220771	0.00601429
2251	0.222271	0.00605714
2254	0.223071	0.0083
2257	0.221786	0.00762857
2260	0.223429	0.0142286
2263	0.223286	0.00782857
2266	0.229986	0.0181714
2269	0.245971	0.0409143
2272	0.265914	0.0658143
2275	0.292	0.0865429
2278	0.317229	0.101414
2281	0.331357	0.110414
2284	0.342629	0.111771
2287	0.3393	0.122614
2290	0.345386	0.114014
2293	0.340057	0.1115
2296	0.326729	0.106543
2299	0.3203	0.115586
2302	0.319786	0.123843
2305	0.320157	0.126743
2308	0.314329	0.118243
2311	0.302043	0.126843
2314	0.302629	0.116114
2317	0.302186	0.107029
2320	0.294229	0.0974286
2323	0.290657	0.0879286
2326	0.287929	0.0781
2329	0.276286	0.0691143
2332	0.254757	0.0590143
2335	0.233257	0.0586
2338	0.2283	0.0419
2341	0.2262	0.0384
2344	0.222514	0.0325857
2347	0.217929	0.0274714
2350	0.221829	0.0315
2353	0.228386	0.0375571
2356	0.239757	0.0348143
2359	0.247929	0.0297
2362	0.248243	0.0311143
2365	0.240786	0.0246429
2368	0.231757	0.0237286
2371	0.2233	0.0225143
2374	0.217571	0.0220286
2377	0.214414	0.0204571
2380	0.210814	0.0185571
2383	0.211829	0.0292714
2386	0.215914	0.0644
2389	0.261871	0.0835
2392	0.3349	0.0989286
2395	0.415314	0.0985857
2398	0.463929	0.0925571
2401	0.4846	0.0882
2404	0.494614	0.0872857
2407	0.498386	0.0818143
2410	0.439	0.0946714
2413	0.406871	0.0716571
2416	0.358014	0.0541571
2419	0.305729	0.0453571
2422	0.264714	0.0323
2425	0.238957	0.0214857
2428	0.223214	0.0133571
2431	0.216043	0.00818571
2434	0.221886	0.0328
2437	0.232157	0.0682
2440	0.2616	0.0725857
2443	0.2815	0.0712571
2446	0.287657	0.0682857
2449	0.279586	0.0653571
2452	0.253471	0.0617714
2455	0.2371	0.0584429
2458	0.236614	0.0563
2461	0.228014	0.0590429
2464	0.220629	0.0425571
2467	0.218543	0.0370714
2470	0.2198	0.0286857
2473	0.213286	0.0211143
2476	0.208714	0.0236286
2479	0.212129	0.0325143
2482	0.230543	0.0304
2485	0.242629	0.0365429
2488	0.245271	0.0281714
2491	0.237557	0.0262571
2494	0.231943	0.0253143
2497	0.2255	0.0241429
2500	0.219157	0.0232714
2503	0.218329	0.0216429
2506	0.215643	0.0230714
2509	0.221571	0.0403714
2512	0.229543	0.0681714
2515	0.2594	0.0907714
2518	0.286643	0.103871
2521	0.324257	0.102814
2524	0.377643	0.103771
2527	0.406057	0.102914
2530	0.417043	0.0985429
2533	0.421243	0.0960143
2536	0.411343	0.101457
2539	0.400214	0.0926143
2542	0.3592	0.0922286
2545	0.325071	0.0930429
2548	0.276443	0.0825143
2551	0.262614	0.0704429
2554	0.256986	0.0576429
2557	0.250643	0.0444429
2560	0.2164	0.0442286
2563	0.205243	0.0251286
2566	0.196629	0.0152857
2569	0.1923	0.00617143
2572	0.191143	0.00222857
2575	0.190671	0.00108571
2578	0.190886	0.000985714
2581	0.191157	0.000714286
2584	0.191071	0.00101429
2587	0.189314	0.00751429
2590	0.189186	0.00107143
2593	0.189186	0.00127143
2596	0.189886	0.00104286
2599	0.190157	0.00121429
2602	0.189957	0.0005
2605	0.189771	0.000928571
2608	0.189557	0.000471429
2611	0.188371	0.006
2614	0.188729	0.00165714
2617	0.189029	0.00148571
2620	0.188843	0.0014
2623	0.190929	0.00388571
2626	0.210243	0.0267
2629	0.231586	0.0537714
2632	0.250357	0.0678143
2635	0.255757	0.0774286
2638	0.265529	0.0912429
2641	0.290143	0.111314
2644	0.324357	0.155271
2647	0.3733	0.1883
2650	0.423314	0.212386
2653	0.483843	0.218986
2656	0.524043	0.2174
2659	0.544214	0.213814
2662	0.550471	0.2151
2665	0.537557	0.196714
2668	0.530557	0.195129
2671	0.532271	0.189814
2674	0.523429	0.187186
2677	0.493129	0.1834
2680	0.447186	0.177029
2683	0.411443	0.1539
2686	0.3687	0.161586
2689	0.3753	0.125829
2692	0.3891	0.106371
2695	0.396586	0.0960857
2698	0.391971	0.0881
2701	0.375386	0.0747429
2704	0.360486	0.0618714
2707	0.351786	0.0506857
2710	0.344029	0.0472571
2713	0.347043	0.0400714
2716	0.3473	0.0386429
2719	0.341914	0.0417
2722	0.319971	0.0382714
2725	0.308629	0.0391143
2728	0.307229	0.0490143
2731	0.3103	0.0593714
2734	0.3116	0.0754429
2737	0.2902	0.0866286
2740	0.293343	0.0803429
2743	0.296157	0.0781857
2746	0.299986	0.0779286
2749	0.3095	0.0849143
2752	0.313871	0.0880714
2755	0.317043	0.0855714
2758	0.318643	0.0856429
2761	0.306957	0.0893857
2764	0.304271	0.0790714
2767	0.298029	0.0765857
2770	0.292971	0.0673143
2773	0.289086	0.0656429
2776	0.2843	0.0668143
2779	0.279214	0.0638
2782	0.275014	0.0596714
2785	0.262186	0.0695857
2788	0.260314	0.0545571
2791	0.259343	0.0510714
2794	0.256986	0.0488571
2797	0.254271	0.0453714
2800	0.2541	0.0413429
2803	0.252143	0.0393286
2806	0.251986	0.0342714
2809	0.252486	0.0268286
2812	0.248729	0.0404286
2815	0.249171	0.0207571
2818	0.248943	0.0173571
2821	0.248929	0.0117857
2824	0.249186	0.0122429
2827	0.248143	0.0103429
2830	0.246414	0.0150857
2833	0.2457	0.0167857
2836	0.247443	0.0338286
2839	0.247971	0.0133286
2842	0.247871	0.0119714
2845	0.247229	0.0115857
2848	0.247029	0.0115143
2851	0.248757	0.0114857
2854	0.248729	0.0115571
2857	0.246343	0.0119143
2860	0.242571	0.0361857
2863	0.242257	0.0127429
2866	0.244143	0.0141143
2869	0.2455	0.0198143
2872	0.245443	0.0171714
2875	0.245514	0.0163143
2878	0.250243	0.0186143
2881	0.263414	0.0285
2884	0.272886	0.0351714
2887	0.281057	0.0639571
2890	0.284114	0.0418714
2893	0.283529	0.0401286
2896	0.280014	0.0354286
2899	0.275543	0.0318286
2902	0.2713	0.0296857
2905	0.268371	0.0254714
2908	0.267343	0.0254571
2911	0.264	0.0508429
2914	0.263957	0.0246429
2917	0.263229	0.0241571
2920	0.261829	0.0254857
2923	0.262271	0.0243143
2926	0.2603	0.0237286
2929	0.261014	0.0257
2932	0.263671	0.0267
2935	0.261057	0.0549143
2938	0.258443	0.0276429
2941	0.261929	0.0282857
2944	0.267743	0.0298571
2947	0.277814	0.0383143
2950	0.291014	0.0453571
2953	0.303371	0.0500143
2956	0.327114	0.0540571
2959	0.404314	0.0569714
2962	0.472743	0.0969857
2965	0.538	0.0587571
2968	0.600214	0.0654429
2971	0.6301	0.0656143
2974	0.672243	0.0694429
2977	0.689329	0.0712
2980	0.697014	0.0737429
2983	0.718343	0.0757
2986	0.739214	0.133714
2989	0.7418	0.0980857
2992	0.748071	0.105686
2995	0.7517	0.119271
2998	0.753486	0.1298
3001	0.756514	0.131729
3004	0.757671	0.134529
3007	0.756243	0.147943
3010	0.754729	0.1736
3013	0.7487	0.1461
3016	0.749529	0.153329
3019	0.750657	0.160057
3022	0.751371	0.151157
3025	0.753286	0.1439
3028	0.754971	0.139314
3031	0.757171	0.1295
3034	0.7571	0.129114
3037	0.761629	0.1561
3040	0.762357	0.135814
3043	0.763529	0.124457
3046	0.764386	0.108229
3049	0.763471	0.0946143
3052	0.763971	0.0845429
3055	0.763657	0.0834857
3058	0.761886	0.0863143
3061	0.763186	0.1285
3064	0.758671	0.0945143
3067	0.755557	0.1034
3070	0.755029	0.112257
3073	0.754043	0.114229
3076	0.7515	0.1107
3079	0.750771	0.111357
3082	0.751014	0.118229
3085	0.751871	0.166029
3088	0.752586	0.121243
3091	0.752557	0.123671
3094	0.752871	0.119243
3097	0.752571	0.108529
3100	0.752486	0.0971
3103	0.752571	0.0899
3106	0.7534	0.0826429
3109	0.7525	0.0752571
3112	0.750429	0.113671
3115	0.7509	0.0648143
3118	0.749557	0.0569429
3121	0.749029	0.0548714
3124	0.7477	0.0541429
3127	0.7489	0.0577286
3130	0.748471	0.0583429
3133	0.744914	0.0574
3136	0.745057	0.0961143
3139	0.7442	0.0511571
3142	0.744043	0.0486286
3145	0.744014	0.0438143
3148	0.744929	0.0441714
3151	0.744671	0.0412857
3154	0.744814	0.0383429
3157	0.744471	0.0375429
3160	0.745057	0.0969429
3163	0.745243	0.0433286
3166	0.745571	0.0396857
3169	0.744643	0.0356143
3172	0.744257	0.0300429
3175	0.744429	0.0345857
3178	0.742257	0.0403
3181	0.740957	0.0423714
3184	0.738257	0.0483571
3187	0.736857	0.101786
3190	0.734971	0.0584571
3193	0.733229	0.0535857
3196	0.733257	0.0490714
3199	0.732371	0.0438714
3202	0.732529	0.0366
3205	0.732571	0.0336
3208	0.731586	0.0319857
3211	0.7314	0.0829571
3214	0.7316	0.0286571
3217	0.730757	0.0228
3220	0.730129	0.0208429
3223	0.730143	0.0182429
3226	0.729014	0.0183571
3229	0.728571	0.0211714
3232	0.728457	0.0206571
3235	0.729343	0.0782143
3238	0.7289	0.0195714
3241	0.728829	0.0151
3244	0.728729	0.0129429
3247	0.7286	0.0142714
3250	0.727657	0.0111714
3253	0.727829	0.0122143
3256	0.727414	0.0123143
3259	0.727471	0.00941429
3262	0.727529	0.0584286
3265	0.727714	0.0108714
3268	0.727657	0.0103143
3271	0.727343	0.00828571
3274	0.7273	0.00958571
3277	0.728014	0.00957143
3280	0.728629	0.00661429
3283	0.728843	0.00904286
3286	0.731214	0.0584857
3289	0.731571	0.0100286
3292	0.731143	0.00972857
3295	0.730757	0.00878571
3298	0.730671	0.00915714
3301	0.730686	0.0082
3304	0.730543	0.00854286
3307	0.730386	0.00664286
3310	0.729957	0.0537714
3313	0.728757	0.0161714
3316	0.729457	0.0149571
3319	0.728957	0.0140429
3322	0.728771	0.0151143
3325	0.729386	0.0142
3328	0.729686	0.0160857
3331	0.730429	0.0165571
3334	0.729714	0.0168286
3337	0.730586	0.0554714
3340	0.730243	0.0234143
3343	0.730157	0.0198857
3346	0.730071	0.0192143
3349	0.729671	0.0172429
3352	0.728514	0.0169857
3355	0.728057	0.0183857
3358	0.728314	0.0179571
3361	0.728686	0.0545857
3364	0.728586	0.0213429
3367	0.728629	0.0197286
3370	0.728714	0.0153429
3373	0.729557	0.0136571
3376	0.730271	0.0106429
3379	0.730514	0.00717143
3382	0.7304	0.00704286
3385	0.731086	0.0513286
3388	0.730786	0.0125429
3391	0.731286	0.0104143
3394	0.730757	0.00921429
3397	0.7301	0.00797143
3400	0.7307	0.00492857
3403	0.730729	0.0064
3406	0.730486	0.00552857
3409	0.730671	0.00598571
3412	0.731543	0.0445857
3415	0.731243	0.00968571
3418	0.731357	0.00788571
3421	0.731029	0.00918571
3424	0.731129	0.0051
3427	0.730914	0.00458571
3430	0.730929	0.00345714
3433	0.7318	0.00384286
3436	0.735786	0.0490571
3439	0.735429	0.00784286
3442	0.7355	0.00737143
3445	0.7354	0.00468571
3448	0.7354	0.00402857
3451	0.735271	0.0033
3454	0.735371	0.00404286
3457	0.735229	0.00474286
3460	0.7355	0.0448
3463	0.735471	0.0129
3466	0.7354	0.0109143
3469	0.735429	0.00831429
3472	0.735314	0.00785714
3475	0.735014	0.00482857
3478	0.734543	0.00294286
3481	0.734586	0.00338571
3484	0.734386	0.00241429
3487	0.735571	0.0370571
3490	0.735686	0.00701429
3493	0.735471	0.0048
3496	0.735286	0.00417143
3499	0.735029	0.00235714
3502	0.735014	0.00318571
3505	0.734957	0.00294286
3508	0.734743	0.00341429
3511	0.735671	0.0359571
3514	0.735714	0.00565714
3517	0.735471	0.0027
3520	0.735771	0.00238571
3523	0.735457	0.00182857
3526	0.7353	0.00122857
3529	0.7351	0.000771429
3532	0.734986	0.000814286
3535	0.735786	0.0355571
3538	0.7356	0.00422857
3541	0.7355	0.00417143
3544	0.735357	0.0036
3547	0.735286	0.00541429
3550	0.735514	0.00564286
3553	0.735457	0.00477143
3556	0.735414	0.00552857
3559	0.734943	0.00594286
3562	0.734743	0.0314714
3565	0.734757	0.00595714
3568	0.734729	0.00528571
3571	0.735714	0.037
3574	0.735557	0.0065
3577	0.7351	0.00511429
3580	0.735143	0.00535714
3583	0.734986	0.00615714
3586	0.7342	0.0064
3589	0.734586	0.00545714
3592	0.734286	0.00605714
3595	0.7344	0.0388286
3598	0.734114	0.00811429
3601	0.733971	0.00641429
3604	0.7339	0.00381429
3607	0.7346	0.0045
3610	0.734686	0.00278571
3613	0.735157	0.0043
3616	0.735143	0.00497143
3619	0.736014	0.0418
3622	0.7356	0.0142286
3625	0.7351	0.0138143
3628	0.735214	0.00992857
3631	0.734286	0.00838571
3634	0.734471	0.00768571
3637	0.734171	0.0072
3640	0.7337	0.00734286
3643	0.733957	0.00684286
3646	0.7347	0.0391571
3649	0.735114	0.0119571
3652	0.735343	0.00874286
3655	0.735057	0.0075
3658	0.735457	0.0061
3661	0.734529	0.00497143
3664	0.735171	0.00355714
3667	0.734643	0.0048
3670	0.736014	0.0374143
3673	0.734886	0.0109286
3676	0.734386	0.0116857
3679	0.734843	0.0104
3682	0.734629	0.0137
3685	0.734443	0.00954286
3688	0.734429	0.00748571
3691	0.734229	0.00474286
3694	0.735629	0.0388
3697	0.734986	0.0187286
3700	0.734957	0.0256857
3703	0.734871	0.0294714
3706	0.734557	0.0314571
3709	0.733929	0.0307286
3712	0.733257	0.0302857
3715	0.733043	0.0280571
3718	0.7325	0.0281143
3721	0.732486	0.0536143
3724	0.732371	0.0294143
3727	0.732357	0.0281
3730	0.7319	0.0271286
3733	0.731629	0.0269857
3736	0.731614	0.0265143
3739	0.731071	0.0257714
3742	0.730586	0.0253
3745	0.732243	0.0500143
3748	0.731686	0.0244286
3751	0.731929	0.0219714
3754	0.731271	0.0183857
3757	0.7315	0.0147286
3760	0.7313	0.00542857
3763	0.730657	0.00662857
3766	0.728886	0.00692857
3769	0.729329	0.0454714
3772	0.729157	0.0146571
3775	0.729614	0.0178571
3778	0.730157	0.0181857
3781	0.731757	0.0210857
3784	0.731629	0.0190571
3787	0.731314	0.0194286
3790	0.731429	0.0174
3793	0.730957	0.0179857
3796	0.730929	0.0614286
3799	0.729614	0.0344286
3802	0.729186	0.0358571
3805	0.728443	0.0378571
3808	0.728486	0.039
3811	0.728471	0.0372143
3814	0.728471	0.0331714
3817	0.7284	0.0293143
3820	0.734229	0.0781429
3823	0.733329	0.0174714
3826	0.733414	0.00918571
3829	0.733714	0.00637143
3832	0.734071	0.00524286
3835	0.733629	0.00671429
3838	0.733014	0.00518571
3841	0.732729	0.00622857
3844	0.732843	0.0481429
3847	0.732957	0.0134
3850	0.732971	0.0104
3853	0.733229	0.00792857
3856	0.732814	0.00844286
3859	0.732243	0.00911429
3862	0.733286	0.00842857
3865	0.733329	0.0121571
3868	0.733543	0.0114143
3871	0.734214	0.0470429
3874	0.734186	0.0145857
3877	0.735143	0.0106143
3880	0.735771	0.0124429
3883	0.735043	0.0125429
3886	0.734186	0.0087
3889	0.734643	0.00895714
3892	0.734657	0.0125
3895	0.734229	0.0524
3898	0.734657	0.0235714
3901	0.732743	0.0251
3904	0.734157	0.0213143
3907	0.734243	0.0177571
3910	0.734443	0.0137286
3913	0.734243	0.0117714
3916	0.7341	0.0107143
3919	0.734214	0.0494286
3922	0.734214	0.0146857
3925	0.734443	0.0110286
3928	0.734429	0.0102571
3931	0.733371	0.0101286
3934	0.734071	0.00947143
3937	0.7347	0.00634286
3940	0.734529	0.00812857
3943	0.734286	0.00848571
3946	0.734986	0.0364143
3949	0.735114	0.00748571
3952	0.734986	0.00614286
3955	0.735157	0.00507143
3958	0.735157	0.00735714
3961	0.734657	0.0088
3964	0.734257	0.00914286
3967	0.734786	0.00648571
3970	0.735629	0.0447
3973	0.7351	0.00974286
3976	0.735543	0.00712857
3979	0.7356	0.00862857
3982	0.734429	0.0110571
3985	0.731514	0.0121714
3988	0.734143	0.00858571
3991	0.735643	0.00604286
3994	0.734657	0.0432857
3997	0.734429	0.00698571
4000	0.734714	0.0057
4003	0.734529	0.00391429
4006	0.734643	0.0052
4009	0.734829	0.0036
4012	0.735029	0.00238571
4015	0.734914	0.00432857
4018	0.734643	0.00791429
4021	0.735	0.0458286
4024	0.734871	0.0146571
4027	0.734971	0.0134429
4030	0.733929	0.0123143
4033	0.734529	0.0124429
4036	0.7346	0.0128857
4039	0.734357	0.0103571
4042	0.734514	0.00922857
4045	0.734571	0.0437857
4048	0.734457	0.00705714
4051	0.734329	0.00485714
4054	0.734229	0.00245714
4057	0.734629	0.00285714
4060	0.734329	0.00327143
4063	0.7342	0.00594286
4066	0.734457	0.00702857
4069	0.734357	0.0526429
4072	0.734057	0.0103571
4075	0.733957	0.00798571
4078	0.734114	0.00488571
4081	0.734129	0.00482857
4084	0.734029	0.00661429
4087	0.734157	0.0086
4090	0.734014	0.00814286
4093	0.733471	0.0077
4096	0.736014	0.0466286
4099	0.735586	0.0140857
4102	0.734471	0.0110571
4105	0.734443	0.0095
4108	0.734671	0.00945714
4111	0.734529	0.0069
4114	0.733757	0.00677143
4117	0.7333	0.00815714
4120	0.732971	0.0441714
4123	0.732529	0.0108
4126	0.732814	0.0104
4129	0.732371	0.0167571
4132	0.731971	0.0218857
4135	0.7311	0.0279
4138	0.730471	0.0352286
4141	0.729886	0.0389857
4144	0.729657	0.0854286
4147	0.730186	0.0535
4150	0.729429	0.0559143
4153	0.728971	0.0583714
4156	0.728814	0.0608714
4159	0.7279	0.0648714
4162	0.727457	0.0753857
4165	0.725843	0.0800143
4168	0.726071	0.0861857
4171	0.725743	0.115786
4174	0.726614	0.102414
4177	0.7284	0.0926143
4180	0.7287	0.1027
4183	0.733571	0.0968
4186	0.7365	0.106457
4189	0.739	0.112329
4192	0.739943	0.104171
4195	0.739929	0.142471
4198	0.739314	0.131757
4201	0.738557	0.159329
4204	0.736514	0.1755
4207	0.736071	0.197857
4210	0.7344	0.211443
4213	0.735743	0.228829
4216	0.737129	0.247329
4219	0.740186	0.260114
4222	0.742886	0.249471
4225	0.746486	0.262357
4228	0.751243	0.262629
4231	0.756329	0.2721
4234	0.758186	0.288743
4237	0.758771	0.297457
4240	0.756929	0.319971
4243	0.760643	0.338143
4246	0.760586	0.3257
4249	0.752129	0.349
4252	0.747686	0.350757
4255	0.7432	0.374671
4258	0.743043	0.370343
4261	0.7438	0.389243
4264	0.744729	0.3765
4267	0.747186	0.377329
4270	0.747657	0.376786
4273	0.752143	0.382171
4276	0.751057	0.384543
4279	0.752771	0.393586
4282	0.756243	0.398814
4285	0.763271	0.3961
4288	0.764371	0.399814
4291	0.766671	0.391457
4294	0.762243	0.402643
4297	0.757943	0.382014
4300	0.7506	0.382486
4303	0.749314	0.384786
4306	0.742586	0.384414
4309	0.744186	0.377986
4312	0.747957	0.371729
4315	0.745143	0.370329
4318	0.739286	0.385129
4321	0.740343	0.380586
4324	0.735429	0.378271
4327	0.736729	0.381414
4330	0.737314	0.363857
4333	0.735857	0.368471
4336	0.734271	0.3641
4339	0.729657	0.3621
4342	0.725286	0.3578
4345	0.720571	0.365743
4348	0.718286	0.362171
4351	0.7178	0.3601
4354	0.718429	0.356014
4357	0.718086	0.352657
4360	0.724186	0.344771
4363	0.730243	0.341271
4366	0.732443	0.346486
4369	0.736914	0.349157
4372	0.741786	0.344843
4375	0.742171	0.3454
4378	0.737814	0.359243
4381	0.743143	0.353
4384	0.743214	0.357529
4387	0.7462	0.356971
4390	0.744	0.362314
4393	0.7344	0.381671
4396	0.733429	0.363171
4399	0.731486	0.357243
4402	0.722943	0.350171
4405	0.716857	0.340257
4408	0.695843	0.3479
4411	0.683	0.335371
4414	0.691114	0.3333
4417	0.706586	0.331643
4420	0.725771	0.341114
4423	0.7284	0.337629
4426	0.716543	0.341314
4429	0.709343	0.352443
4432	0.708071	0.355543
4435	0.703343	0.351543
4438	0.692586	0.347457
4441	0.687057	0.345429
4444	0.680229	0.359814
4447	0.666514	0.350543
4450	0.656457	0.348114
4453	0.644957	0.344314
4456	0.636143	0.344343
4459	0.625757	0.3431
4462	0.630443	0.346586
4465	0.633429	0.354414
4468	0.645686	0.3635
4471	0.649114	0.375386
4474	0.656471	0.371871
4477	0.655714	0.373971
4480	0.6559	0.379671
4483	0.6589	0.379871
4486	0.662143	0.401886
4489	0.6666	0.374043
4492	0.677314	0.376243
4495	0.685529	0.375229
4498	0.697614	0.3772
4501	0.705543	0.383871
4504	0.722814	0.386771
4507	0.738143	0.385657
4510	0.744557	0.388414
4513	0.755386	0.387386
4516	0.759471	0.374486
4519	0.756714	0.382543
4522	0.754714	0.368786
4525	0.751929	0.3617
4528	0.7533	0.366829
4531	0.751029	0.358143
4534	0.7526	0.357443
4537	0.756343	0.351471
4540	0.753657	0.340671
4543	0.757071	0.332814
4546	0.747743	0.338671
4549	0.7455	0.335486
4552	0.734457	0.3408
4555	0.729514	0.359143
4558	0.723229	0.391929
4561	0.724129	0.375814
4564	0.724971	0.398586
4567	0.731614	0.384786
4570	0.731743	0.395629
4573	0.727843	0.371871
4576	0.718929	0.360114
4579	0.705686	0.350729
4582	0.703814	0.351914
4585	0.703843	0.344929
4588	0.704557	0.337357
4591	0.707914	0.340886
4594	0.716657	0.348343
4597	0.721457	0.3254
4600	0.713071	0.326457
4603	0.708743	0.3204
4606	0.706386	0.3171
4609	0.707871	0.310471
4612	0.713557	0.306543
4615	0.7193	0.289829
4618	0.719343	0.282686
4621	0.719986	0.277986
4624	0.707886	0.2745
4627	0.695757	0.2607
4630	0.688757	0.2669
4633	0.680629	0.285057
4636	0.679329	0.287914
4639	0.683643	0.286443
4642	0.692171	0.293771
4645	0.6973	0.308286
4648	0.705071	0.3058
4651	0.706386	0.307729
4654	0.714143	0.3041
4657	0.723043	0.302971
4660	0.732214	0.2999
4663	0.736357	0.285929
4666	0.735086	0.279671
4669	0.719043	0.281586
4672	0.708371	0.260629
4675	0.695186	0.274971
4678	0.691771	0.256029
4681	0.670029	0.262471
4684	0.657457	0.261629
4687	0.6486	0.2341
4690	0.643943	0.2286
4693	0.651243	0.224229
4696	0.652471	0.232586
4699	0.658243	0.231514
4702	0.6671	0.234371
4705	0.6726	0.242686
4708	0.679486	0.248914
4711	0.691757	0.260014
4714	0.705857	0.283114
4717	0.710329	0.303729
4720	0.721014	0.321257
4723	0.7228	0.317729
4726	0.726143	0.321014
4729	0.733043	0.330186
4732	0.735971	0.315843
4735	0.738743	0.3081
4738	0.742143	0.293929
4741	0.741243	0.279186
4744	0.7406	0.2814
4747	0.717643	0.275443
4750	0.668643	0.260429
4753	0.602029	0.247971
4756	0.558657	0.208086
4759	0.479271	0.209786
4762	0.436186	0.175557
4765	0.405714	0.154714
4768	0.378557	0.137543
4771	0.345443	0.127529
4774	0.333757	0.0978714
4777	0.326786	0.0819714
4780	0.324229	0.0659429
4783	0.315729	0.0511286
4786	0.3023	0.0398286
4789	0.283371	0.0295571
4792	0.2738	0.0183714
4795	0.270943	0.0181714
4798	0.267386	0.0061
4801	0.267029	0.00107143
4804	0.267129	0.000614286
4807	0.267614	0.000571429
4810	0.261429	0.00104286
4813	0.250129	0.000942857
4816	0.240943	0.00118571
4819	0.215757	0.00718571
4822	0.216171	0.00121429
4825	0.215414	0.0017
4828	0.215514	0.00192857
4831	0.215771	0.00142857
4834	0.212629	0.0141857
4837	0.212771	0.00485714
4840	0.212514	0.00402857
4843	0.211886	0.00497143
4846	0.211171	0.00571429
4849	0.210771	0.00495714
4852	0.210714	0.00501429
4855	0.210886	0.00421429
4858	0.209629	0.0108714
4861	0.210286	0.00557143
4864	0.209771	0.00472857
4867	0.209929	0.00515714
4870	0.209943	0.00391429
4873	0.2098	0.00541429
4876	0.2097	0.00488571
4879	0.209314	0.00395714
4882	0.208743	0.00485714
4885	0.209586	0.00757143
4888	0.209757	0.00478571
4891	0.209671	0.00468571
4894	0.209814	0.00474286
4897	0.208614	0.0045
4900	0.208643	0.00312857
4903	0.208486	0.0033
4906	0.208214	0.00295714
4909	0.206071	0.00687143
4912	0.204957	0.00308571
4915	0.204214	0.00481429
4918	0.215314	0.0338286
4921	0.241014	0.0589714
4924	0.273057	0.0674857
4927	0.300371	0.0926429
4930	0.317729	0.108357
4933	0.339886	0.132114
4936	0.386529	0.129243
4939	0.468286	0.133657
4942	0.512786	0.119729
4945	0.525214	0.1154
4948	0.5324	0.107743
4951	0.5207	0.0982571
4954	0.508443	0.0910286
4957	0.454171	0.0862286
4960	0.396114	0.0863714
4963	0.363586	0.0631714
4966	0.301143	0.0656857
4969	0.280486	0.0706
4972	0.2894	0.104243
4975	0.312414	0.128986
4978	0.336386	0.143914
4981	0.352971	0.146914
4984	0.351557	0.144314
4987	0.349171	0.133743
4990	0.343214	0.125829
4993	0.325543	0.121057
4996	0.3042	0.116943
4999	0.287757	0.107343
5002	0.274814	0.0966429
5005	0.269629	0.0887857
5008	0.257586	0.0860571
5011	0.251157	0.0683
5014	0.2445	0.0567857
5017	0.2373	0.0407714
5020	0.2332	0.0392571
5023	0.231543	0.0392286
5026	0.240671	0.0357857
5029	0.250543	0.0310714
5032	0.257243	0.025
5035	0.248171	0.0290429
5038	0.241143	0.0236429
5041	0.233057	0.0233571
5044	0.228571	0.0231286
5047	0.2382	0.0320714
5050	0.250657	0.0492429
5053	0.2622	0.0657714
5056	0.284371	0.0764429
5059	0.323271	0.0986143
5062	0.376671	0.100971
5065	0.430743	0.105229
5068	0.457	0.118043
5071	0.491171	0.137357
5074	0.524329	0.150529
5077	0.548314	0.161971
5080	0.566486	0.165571
5083	0.583871	0.171486
5086	0.572629	0.176
5089	0.511729	0.180757
5092	0.4073	0.176729
5095	0.359757	0.1584
5098	0.327171	0.146443
5101	0.290257	0.130929
5104	0.2509	0.112757
5107	0.220443	0.0913714
5110	0.204243	0.0817143
5113	0.203829	0.0676143
5116	0.205957	0.0598
5119	0.205886	0.0441286
5122	0.192757	0.0297571
5125	0.173986	0.0198429
5128	0.163743	0.00735714
5131	0.162414	0.000528571
5134	0.160857	0.00798571
5137	0.1606	0.000742857
5140	0.160871	0.000414286
5143	0.161214	0.000214286
5146	0.1611	0.0001
5149	0.161586	0.000114286
5152	0.161443	5.71429e-05
5155	0.1619	5.71429e-05
5158	0.160943	0.00662857
5161	0.161771	0.000885714
5164	0.161614	0.000171429
5167	0.1622	0.000514286
5170	0.161871	0.000171429
5173	0.162143	8.57143e-05
5176	0.162443	4.28571e-05
5179	0.1627	2.85714e-05
5182	0.162629	1.42857e-05
5185	0.162543	0.00427143
5188	0.1629	0.000285714
5191	0.162729	0.000242857
5194	0.162371	0.00482857
5197	0.163	0.000385714
5200	0.162771	0.000428571
5203	0.162486	0.000128571
5206	0.162371	0.000185714
5209	0.1626	0.000128571
5212	0.162386	0.000128571
5215	0.162414	7.14286e-05
5218	0.162029	4.28571e-05
5221	0.162857	0.00494286
5224	0.162743	0.000928571
5227	0.162671	0.000185714
5230	0.163571	0.000428571
5233	0.1632	4.28571e-05
5236	0.1628	8.57143e-05
5239	0.1624	0.000142857
5242	0.1624	1.42857e-05
5245	0.158343	0.00378571
5248	0.158514	0.000257143
5251	0.158814	0.000185714
5254	0.158814	0.000185714
5257	0.168857	0.0167714
5260	0.188571	0.0360429
5263	0.213614	0.0546286
5266	0.243557	0.0670571
5269	0.296429	0.0757
5272	0.321343	0.0688714
5275	0.342529	0.0681429
5278	0.3584	0.0643857
5281	0.367486	0.0612857
5284	0.371529	0.0580429
5287	0.374286	0.0590571
5290	0.382014	0.0826857
5293	0.387957	0.101786
5296	0.402957	0.127957
5299	0.438143	0.119143
5302	0.493414	0.120057
5305	0.5294	0.109371
5308	0.557386	0.104843
5311	0.576586	0.0971857
5314	0.593557	0.0921571
5317	0.607	0.0838
5320	0.633071	0.0908286
5323	0.634043	0.0704857
5326	0.638186	0.0684143
5329	0.638029	0.0710429
5332	0.628471	0.0874
5335	0.622629	0.0938429
5338	0.615643	0.0995857
5341	0.608071	0.097
5344	0.5811	0.112514
5347	0.587129	0.0936286
5350	0.588143	0.100443
5353	0.589886	0.115957
5356	0.586371	0.131929
5359	0.5867	0.150514
5362	0.5669	0.1737
5365	0.557471	0.160914
5368	0.518986	0.161486
5371	0.506571	0.1685
5374	0.511	0.139557
5377	0.512814	0.130971
5380	0.514843	0.121229
5383	0.505743	0.114571
5386	0.497929	0.1243
5389	0.489214	0.126371
5392	0.480357	0.1249
5395	0.469314	0.161029
5398	0.477729	0.132286
5401	0.480057	0.122814
5404	0.482257	0.119571
5407	0.485914	0.114429
5410	0.491543	0.106586
5413	0.494771	0.0984714
5416	0.500714	0.108057
5419	0.500886	0.153986
5422	0.5103	0.125286
5425	0.524486	0.119886
5428	0.531814	0.116671
5431	0.534014	0.122971
5434	0.5348	0.129243
5437	0.5402	0.130771
5440	0.546143	0.132786
5443	0.549	0.134986
5446	0.551186	0.198514
5449	0.56	0.153386
5452	0.5687	0.148371
5455	0.5729	0.137457
5458	0.577157	0.131043
5461	0.581614	0.1267
5464	0.592329	0.114671
5467	0.600243	0.103929
5470	0.621514	0.153886
5473	0.624257	0.0949429
5476	0.626743	0.0919571
5479	0.6286	0.0940857
5482	0.630186	0.0976
5485	0.630586	0.0958143
5488	0.629414	0.0917571
5491	0.627829	0.0922429
5494	0.6392	0.1517
5497	0.6441	0.0982286
5500	0.661629	0.0908714
5503	0.681514	0.0889857
5506	0.6902	0.0767571
5509	0.697357	0.0712143
5512	0.7014	0.0745714
5515	0.703657	0.0735143
5518	0.703671	0.0704857
5521	0.711743	0.148957
5524	0.711743	0.0839429
5527	0.710129	0.0871
5530	0.711357	0.0774857
5533	0.711286	0.0849429
5536	0.709371	0.0936714
5539	0.708614	0.0840571
5542	0.709143	0.0775429
5545	0.709643	0.141629
5548	0.710586	0.0746714
5551	0.711157	0.0677
5554	0.710171	0.0680714
5557	0.710029	0.0680857
5560	0.709543	0.0663429
5563	0.708643	0.0740857
5566	0.707214	0.0789
5569	0.702143	0.1643
5572	0.700471	0.109343
5575	0.700157	0.106871
5578	0.7008	0.107786
5581	0.699543	0.104686
5584	0.7	0.0962429
5587	0.7007	0.0927571
5590	0.702686	0.0865
5593	0.703171	0.0788143
5596	0.7015	0.1432
5599	0.699829	0.0757714
5602	0.699971	0.0630429
5605	0.699514	0.0620143
5608	0.699071	0.0616429
5611	0.697871	0.0598571
5614	0.695357	0.0586286
5617	0.6939	0.0581
5620	0.691957	0.1253
5623	0.691414	0.0667143
5626	0.690771	0.0578
5629	0.689771	0.0542
5632	0.690171	0.0502714
5635	0.690814	0.0462714
5638	0.690671	0.0388857
5641	0.691571	0.0379
5644	0.694514	0.120643
5647	0.694014	0.0387
5650	0.694114	0.0376143
5653	0.691643	0.0404714
5656	0.689429	0.0403429
5659	0.689614	0.0372571
5662	0.6893	0.0363
5665	0.690186	0.0330571
5668	0.690286	0.0294714
5671	0.690643	0.0948
5674	0.690857	0.034
5677	0.691714	0.0312286
5680	0.6921	0.0304714
5683	0.6912	0.0288571
5686	0.691343	0.0251286
5689	0.691771	0.0284
5692	0.691914	0.0260857
5695	0.692486	0.0914857
5698	0.692686	0.0334429
5701	0.691343	0.0307571
5704	0.689043	0.0221714
5707	0.688829	0.0177429
5710	0.685843	0.0192571
5713	0.682843	0.0173571
5716	0.680957	0.0144
5719	0.682114	0.0843857
5722	0.682029	0.00794286
5725	0.681743	0.00985714
5728	0.681886	0.00751429
5731	0.681186	0.0101
5734	0.680886	0.00651429
