1	0.310461	0.7028
4	0.3033	0.0558073
7	0.30501	0.0631098
10	0.314666	0.0708463
13	0.333551	0.0682293
16	0.350315	0.0629659
19	0.360205	0.0673439
22	0.374522	0.0520878
25	0.385822	0.055039
28	0.386383	0.0569098
31	0.381529	0.0588488
34	0.379341	0.0560024
37	0.378346	0.0538073
40	0.373595	0.0493732
43	0.369393	0.0472146
46	0.356895	0.0547927
49	0.353424	0.0382634
52	0.349754	0.036378
55	0.348793	0.035861
58	0.350063	0.0320195
61	0.350898	0.0332976
64	0.348793	0.0319805
67	0.34838	0.0287415
70	0.340676	0.0420341
73	0.342495	0.0253171
76	0.341605	0.027422
79	0.343298	0.0323585
82	0.348556	0.0415512
85	0.360173	0.0542829
88	0.374124	0.064761
91	0.3875	0.071578
94	0.402037	0.113734
97	0.414912	0.0836707
100	0.428524	0.0742195
103	0.439905	0.0720512
106	0.443429	0.0765146
109	0.446495	0.0796268
112	0.444776	0.0832951
115	0.438766	0.0883122
118	0.430678	0.0898683
121	0.421988	0.113966
124	0.429854	0.0911659
127	0.435022	0.0880732
130	0.442015	0.0915463
133	0.442802	0.0865024
136	0.448124	0.0812585
139	0.44862	0.0761
142	0.449754	0.0714659
145	0.439273	0.0889488
148	0.438924	0.0624951
151	0.436473	0.0600268
154	0.433559	0.0569683
157	0.427422	0.0576341
160	0.422978	0.0466
163	0.418156	0.0466878
166	0.414837	0.0463683
169	0.403749	0.0687902
172	0.401373	0.0445171
175	0.397485	0.0383951
178	0.395417	0.0370463
181	0.393429	0.0327976
184	0.390961	0.0334805
187	0.38811	0.0294341
190	0.386593	0.0243707
193	0.3845	0.019061
196	0.378239	0.0437415
199	0.378134	0.0174122
202	0.378168	0.0126707
205	0.377605	0.013922
208	0.377822	0.011278
211	0.377837	0.0113293
214	0.377912	0.0110951
217	0.377961	0.0115317
220	0.380034	0.0397366
223	0.380454	0.0170049
226	0.380512	0.0107976
229	0.379507	0.0109561
232	0.379251	0.0111854
235	0.3792	0.0118171
238	0.378298	0.0123707
241	0.378351	0.013522
244	0.375254	0.0436878
247	0.3765	0.0181634
250	0.377529	0.0110537
253	0.37739	0.00838537
256	0.376822	0.00826341
259	0.376793	0.0076561
262	0.37611	0.0075
265	0.374951	0.00816098
268	0.374766	0.00688049
271	0.37171	0.0357463
274	0.37131	0.0110634
277	0.371015	0.0109317
280	0.373998	0.0116195
283	0.377266	0.0131951
286	0.37981	0.0173683
289	0.380537	0.017161
292	0.378905	0.0145902
295	0.372405	0.0426707
298	0.368437	0.0182976
301	0.364841	0.0128415
304	0.363846	0.0112878
307	0.364056	0.0116146
310	0.364754	0.0137829
313	0.364834	0.0152854
316	0.365517	0.0132659
319	0.366868	0.0488732
322	0.367298	0.0184415
325	0.367939	0.0157634
328	0.368254	0.0151805
331	0.368424	0.0162098
334	0.368624	0.00802195
337	0.368429	0.00807073
340	0.371524	0.0138805
343	0.375354	0.019239
346	0.378971	0.054039
349	0.383776	0.0265195
352	0.387634	0.025578
355	0.390917	0.0273927
358	0.394822	0.0216268
361	0.397171	0.0187878
364	0.397302	0.0192146
367	0.397124	0.0173366
370	0.396515	0.0463317
373	0.3961	0.0190585
376	0.393402	0.0180561
379	0.390088	0.0164463
382	0.389893	0.0200878
385	0.392946	0.0247268
388	0.398966	0.0307024
391	0.40742	0.038922
394	0.403015	0.0689146
397	0.412571	0.0469122
400	0.41642	0.0446927
403	0.421332	0.0446341
406	0.42718	0.0500415
409	0.434551	0.0560512
412	0.443995	0.065461
415	0.452378	0.070239
418	0.458995	0.0763561
421	0.467849	0.131217
424	0.479668	0.099278
427	0.488898	0.102644
430	0.497963	0.107598
433	0.510246	0.112912
436	0.51909	0.116946
439	0.522139	0.118637
442	0.526978	0.118822
445	0.53518	0.153168
448	0.538571	0.123376
451	0.544176	0.121502
454	0.54989	0.118393
457	0.555617	0.114956
460	0.560532	0.110456
463	0.565022	0.10518
466	0.568088	0.0990049
469	0.578498	0.13171
472	0.578615	0.088561
475	0.579522	0.0825073
478	0.580678	0.0776195
481	0.580776	0.0826171
484	0.5813	0.0756122
487	0.581476	0.068861
490	0.581212	0.063578
493	0.581202	0.0615293
496	0.5757	0.0971439
499	0.57522	0.0612659
502	0.574702	0.061761
505	0.572807	0.0615585
508	0.571898	0.0610366
511	0.573222	0.0662439
514	0.575395	0.0731585
517	0.59112	0.0678585
520	0.61922	0.147688
523	0.636268	0.0768268
526	0.64409	0.0807366
529	0.648927	0.0769463
532	0.651263	0.0748634
535	0.651676	0.074878
538	0.652827	0.0730951
541	0.654622	0.0710683
544	0.663973	0.141402
547	0.661976	0.0753659
550	0.660737	0.0721512
553	0.66068	0.064461
556	0.659085	0.0627415
559	0.6581	0.0641098
562	0.658249	0.0804
565	0.657927	0.0869268
568	0.658198	0.0943073
571	0.655298	0.124385
574	0.655144	0.0727976
577	0.654144	0.0493756
580	0.653649	0.0415976
583	0.653932	0.0402878
586	0.653398	0.0444927
589	0.653537	0.0421293
592	0.655978	0.0474732
595	0.667151	0.121032
598	0.672751	0.0596683
601	0.675073	0.0582951
604	0.678315	0.0509415
607	0.688393	0.0522854
610	0.693405	0.0524854
613	0.694251	0.0530707
616	0.697334	0.0561732
619	0.709417	0.132968
622	0.708839	0.0644561
625	0.708202	0.0629146
628	0.708544	0.0600951
631	0.712054	0.0592707
634	0.713778	0.0578122
637	0.714029	0.0552463
640	0.714078	0.0500122
643	0.713876	0.0501024
646	0.71711	0.113483
649	0.715739	0.053222
652	0.714644	0.0552707
655	0.713885	0.0545049
658	0.712107	0.0513439
661	0.711395	0.0517707
664	0.71021	0.0494341
667	0.7093	0.0501195
670	0.708629	0.115683
673	0.70739	0.0622854
676	0.705898	0.056261
679	0.705037	0.0513098
682	0.704534	0.0542244
685	0.704115	0.0484244
688	0.70339	0.0447585
691	0.703315	0.0441195
694	0.702612	0.118173
697	0.702776	0.0580829
700	0.702902	0.0524878
703	0.70281	0.0452537
706	0.702751	0.0412488
709	0.703044	0.0408585
712	0.703561	0.0401707
715	0.704093	0.0374488
718	0.704073	0.028422
721	0.705046	0.0945244
724	0.705446	0.0344732
727	0.70549	0.0291854
730	0.705715	0.0244927
733	0.705283	0.0190098
736	0.7055	0.0176293
739	0.70548	0.0129902
742	0.705395	0.00960488
745	0.70491	0.0716341
748	0.705034	0.015222
751	0.704978	0.0120927
754	0.705029	0.00897073
757	0.705451	0.00863415
760	0.705702	0.00777317
763	0.705588	0.00753415
766	0.705702	0.00757317
769	0.70842	0.0780439
772	0.708517	0.0131878
775	0.70829	0.0117341
778	0.708254	0.0108439
781	0.707944	0.0090878
784	0.707307	0.010322
787	0.706837	0.0143854
790	0.706456	0.0177293
793	0.706154	0.0181171
796	0.70309	0.0763707
799	0.702302	0.0327634
802	0.700615	0.0339878
805	0.700712	0.0334122
808	0.700234	0.0313561
811	0.700371	0.0292902
814	0.70091	0.0286415
817	0.701768	0.0273659
820	0.705151	0.0905732
823	0.705202	0.024539
826	0.7068	0.0214976
829	0.707612	0.0186707
832	0.708412	0.0142341
835	0.709	0.0113195
838	0.709563	0.00934146
841	0.70968	0.0100488
844	0.710132	0.0704195
847	0.710368	0.0182439
850	0.710266	0.0133707
853	0.710102	0.0122293
856	0.710149	0.0113268
859	0.709922	0.00936829
862	0.709717	0.0100805
865	0.709539	0.0126024
868	0.710076	0.0105073
871	0.709656	0.0601732
874	0.70951	0.0143317
877	0.709627	0.0126146
880	0.708434	0.0583805
883	0.70882	0.0125976
886	0.708817	0.0112659
889	0.709205	0.0110683
892	0.709366	0.0121122
895	0.709512	0.00957805
898	0.709595	0.00937317
901	0.709583	0.009
904	0.708995	0.0605561
907	0.709241	0.0134878
910	0.7093	0.0128512
913	0.709244	0.00854146
916	0.70922	0.00959268
919	0.709207	0.0065878
922	0.709573	0.00437561
925	0.7095	0.0034
928	0.709524	0.00224878
931	0.708976	0.0516439
934	0.709	0.00898537
937	0.708554	0.00830976
940	0.708315	0.00983902
943	0.708032	0.00969024
946	0.70792	0.00872683
949	0.708073	0.00752927
952	0.70831	0.00690732
955	0.708229	0.0572415
958	0.708046	0.012239
961	0.708263	0.012478
964	0.70842	0.010822
967	0.708554	0.00760976
970	0.708241	0.00810488
973	0.707715	0.00876341
976	0.70739	0.0102463
979	0.705893	0.0666049
982	0.706498	0.0183976
985	0.706793	0.0161707
988	0.70711	0.0116634
991	0.707005	0.0117073
994	0.707363	0.0091
997	0.707354	0.00866829
1000	0.707646	0.00969268
1003	0.707898	0.00757317
1006	0.706973	0.0585171
1009	0.70712	0.0109341
1012	0.706298	0.0616439
1015	0.705973	0.0147683
1018	0.706344	0.0141585
1021	0.706351	0.0130171
1024	0.7057	0.0112854
1027	0.7058	0.0101341
1030	0.705585	0.00868049
1033	0.705632	0.0100707
1036	0.706312	0.0602244
1039	0.706198	0.0145268
1042	0.705939	0.0162244
1045	0.706585	0.0157561
1048	0.706102	0.0152415
1051	0.706105	0.0139463
1054	0.706263	0.0102415
1057	0.706144	0.0102341
1060	0.705812	0.0722585
1063	0.70552	0.0183049
1066	0.70571	0.0147024
1069	0.705893	0.0119902
1072	0.705839	0.0129537
1075	0.70591	0.00877805
1078	0.706046	0.00786341
1081	0.705751	0.00811951
1084	0.705551	0.00878049
1087	0.705012	0.0639659
1090	0.705605	0.018178
1093	0.705498	0.0132488
1096	0.705544	0.0116732
1099	0.705544	0.0130463
1102	0.70539	0.0124415
1105	0.705263	0.0118073
1108	0.70541	0.0107683
1111	0.704144	0.068378
1114	0.704571	0.0188024
1117	0.704683	0.0167951
1120	0.705256	0.0142927
1123	0.705805	0.0144854
1126	0.70528	0.0141293
1129	0.704637	0.0178293
1132	0.704829	0.0198171
1135	0.705756	0.0759171
1138	0.705354	0.0257098
1141	0.70548	0.0227585
1144	0.705305	0.0181293
1147	0.704961	0.0175122
1150	0.705224	0.0164634
1153	0.70578	0.0172683
1156	0.705466	0.016122
1159	0.70539	0.017561
1162	0.704883	0.0697171
1165	0.704868	0.0231
1168	0.70522	0.0215415
1171	0.70568	0.0197488
1174	0.705654	0.0168122
1177	0.705649	0.015139
1180	0.705727	0.0141122
1183	0.705385	0.0140659
1186	0.705037	0.0736073
1189	0.705354	0.0218439
1192	0.704978	0.0171341
1195	0.705205	0.0157585
1198	0.70538	0.0138634
1201	0.705422	0.00872439
1204	0.705171	0.00706829
1207	0.705427	0.00569024
1210	0.70649	0.0646659
1213	0.706061	0.0139
1216	0.705693	0.0123
1219	0.705571	0.00856829
1222	0.705685	0.00935854
1225	0.705651	0.00907317
1228	0.705846	0.0110293
1231	0.705963	0.0109732
1234	0.705463	0.0125634
1237	0.704117	0.0623561
1240	0.703883	0.0172976
1243	0.704124	0.0171341
1246	0.704502	0.0140366
1249	0.704463	0.0129732
1252	0.704193	0.0104756
1255	0.704476	0.00963902
1258	0.704783	0.00973415
1261	0.704561	0.0680902
1264	0.70498	0.0153195
1267	0.704615	0.0143951
1270	0.704649	0.0116854
1273	0.705078	0.0108805
1276	0.705624	0.0115683
1279	0.706093	0.0134878
1282	0.706154	0.0127366
1285	0.705939	0.0658488
1288	0.705566	0.0190317
1291	0.705629	0.0166171
1294	0.705912	0.0155024
1297	0.705341	0.0180171
1300	0.705683	0.0155537
1303	0.706193	0.0142049
1306	0.706129	0.0112195
1309	0.705844	0.011439
1312	0.704685	0.0652805
1315	0.704288	0.0183634
1318	0.704327	0.0126049
1321	0.704617	0.0113707
1324	0.704754	0.00979024
1327	0.70519	0.00750732
1330	0.705354	0.00695366
1333	0.705529	0.00736341
1336	0.705878	0.0712366
1339	0.706127	0.0195683
1342	0.706383	0.0166244
1345	0.706407	0.0146293
1348	0.706312	0.0140756
1351	0.706178	0.0147195
1354	0.705834	0.0161683
1357	0.705756	0.0175829
1360	0.70529	0.0850707
1363	0.705	0.0280561
1366	0.704859	0.0270098
1369	0.704361	0.0217463
1372	0.70512	0.0230634
1375	0.705041	0.0179463
1378	0.704998	0.0153
1381	0.705278	0.0139439
1384	0.705339	0.012378
1387	0.706893	0.0694024
1390	0.706641	0.0209024
1393	0.706778	0.0143634
1396	0.706839	0.0170878
1399	0.7072	0.0125049
1402	0.707366	0.0105
1405	0.70752	0.0100415
1408	0.707705	0.0110146
1411	0.707473	0.0686244
1414	0.707249	0.0213341
1417	0.707156	0.0229317
1420	0.706985	0.0236537
1423	0.707144	0.0282073
1426	0.7071	0.0358951
1429	0.707063	0.0481268
1432	0.706737	0.0562902
1435	0.708532	0.111478
1438	0.70862	0.0749561
1441	0.708846	0.0872488
1444	0.709563	0.0988512
1447	0.711393	0.106846
1450	0.711544	0.1125
1453	0.712141	0.115485
1456	0.712266	0.126588
1459	0.713059	0.131846
1462	0.71402	0.166061
1465	0.714722	0.158973
1468	0.716088	0.191212
1471	0.716973	0.204837
1474	0.716929	0.219922
1477	0.717405	0.223995
1480	0.717244	0.228654
1483	0.719122	0.238244
1486	0.721288	0.254761
1489	0.723998	0.255346
1492	0.726573	0.2712
1495	0.728678	0.279851
1498	0.727878	0.285259
1501	0.726395	0.283049
1504	0.726412	0.289807
1507	0.729063	0.291039
1510	0.732734	0.298268
1513	0.733441	0.28761
1516	0.734688	0.311222
1519	0.735951	0.300254
1522	0.734707	0.314302
1525	0.736432	0.30171
1528	0.738495	0.3048
1531	0.735973	0.306466
1534	0.736502	0.306185
1537	0.73471	0.316795
1540	0.735022	0.321078
1543	0.736415	0.329939
1546	0.739946	0.340273
1549	0.739871	0.373461
1552	0.74379	0.346659
1555	0.746951	0.345868
1558	0.748951	0.346727
1561	0.747168	0.350415
1564	0.745588	0.345832
1567	0.745276	0.350195
1570	0.746059	0.358705
1573	0.747593	0.370524
1576	0.749722	0.375937
1579	0.751656	0.378466
1582	0.751041	0.384863
1585	0.752132	0.386071
1588	0.749795	0.382917
1591	0.748544	0.388073
1594	0.743327	0.393607
1597	0.737354	0.400115
1600	0.735641	0.408139
1603	0.736054	0.415832
1606	0.739315	0.422244
1609	0.739215	0.423076
1612	0.740222	0.424512
1615	0.743437	0.411968
1618	0.742885	0.396495
1621	0.741968	0.396183
1624	0.7478	0.389768
1627	0.749	0.380524
1630	0.745112	0.380532
1633	0.741485	0.378583
1636	0.742346	0.385805
1639	0.744051	0.375812
1642	0.744129	0.374651
1645	0.744232	0.364888
1648	0.743317	0.35079
1651	0.739463	0.34421
1654	0.737834	0.347339
1657	0.73222	0.349532
1660	0.731032	0.356034
1663	0.732559	0.344205
1666	0.73519	0.348739
1669	0.73668	0.353654
1672	0.74132	0.358444
1675	0.737188	0.357693
1678	0.730805	0.356683
1681	0.726756	0.358251
1684	0.723815	0.354424
1687	0.720924	0.359302
1690	0.721568	0.352376
1693	0.725471	0.3612
1696	0.721749	0.352802
1699	0.720105	0.342985
1702	0.722476	0.340285
1705	0.721437	0.342707
1708	0.721224	0.334317
1711	0.717354	0.332073
1714	0.715224	0.331137
1717	0.713766	0.328212
1720	0.719063	0.319383
1723	0.720873	0.316976
1726	0.729151	0.316251
1729	0.735254	0.314359
1732	0.728034	0.349568
1735	0.695144	0.371817
1738	0.691715	0.339159
1741	0.685368	0.348834
1744	0.674932	0.345083
1747	0.636963	0.367437
1750	0.630478	0.321237
1753	0.600485	0.340207
1756	0.584893	0.325222
1759	0.572407	0.317159
1762	0.554671	0.310556
1765	0.542883	0.311068
1768	0.561161	0.306041
1771	0.576278	0.309954
1774	0.59262	0.310773
1777	0.612798	0.301798
1780	0.625337	0.28678
1783	0.623434	0.270961
1786	0.61858	0.268415
1789	0.614629	0.243559
1792	0.603524	0.232546
1795	0.595451	0.223059
1798	0.595432	0.227527
1801	0.602193	0.24631
1804	0.607166	0.254759
1807	0.607256	0.259722
1810	0.603334	0.283578
1813	0.60382	0.256227
1816	0.601471	0.255334
1819	0.593205	0.261968
1822	0.580841	0.258107
1825	0.557376	0.25712
1828	0.53528	0.260512
1831	0.52782	0.259922
1834	0.52241	0.25032
1837	0.501663	0.242571
1840	0.500273	0.225451
1843	0.500744	0.212256
1846	0.512837	0.191346
1849	0.51658	0.174366
1852	0.5216	0.159188
1855	0.51502	0.160868
1858	0.500332	0.167693
1861	0.500932	0.180115
1864	0.494329	0.166698
1867	0.488551	0.165202
1870	0.494661	0.179324
1873	0.505083	0.185234
1876	0.520354	0.187451
1879	0.531122	0.196178
1882	0.527585	0.218237
1885	0.511234	0.240544
1888	0.513583	0.236
1891	0.521351	0.249898
1894	0.528729	0.254727
1897	0.510229	0.282717
1900	0.513217	0.3061
1903	0.550454	0.330683
1906	0.593478	0.35558
1909	0.618039	0.348161
1912	0.632695	0.34271
1915	0.652429	0.324344
1918	0.67521	0.3099
1921	0.687812	0.292
1924	0.663956	0.302907
1927	0.642178	0.254639
1930	0.609822	0.239163
1933	0.52728	0.243854
1936	0.470922	0.213063
1939	0.444383	0.184685
1942	0.4318	0.168217
1945	0.426749	0.149349
1948	0.416507	0.135688
1951	0.394949	0.114571
1954	0.379563	0.0974317
1957	0.366851	0.0771854
1960	0.366854	0.0826585
1963	0.362685	0.0547195
1966	0.356102	0.0463976
1969	0.34428	0.0349
1972	0.328144	0.0234829
1975	0.313659	0.0114537
1978	0.30362	0.00704878
1981	0.296154	0.00685122
1984	0.28152	0.00700732
1987	0.250283	0.0174756
1990	0.248361	0.00865854
1993	0.247344	0.00873415
1996	0.242571	0.00930244
1999	0.229534	0.0103024
2002	0.237927	0.0372756
2005	0.258256	0.064139
2008	0.284827	0.0986415
2011	0.320761	0.134188
2014	0.399878	0.164422
2017	0.467607	0.179624
2020	0.508915	0.199873
2023	0.544027	0.228827
2026	0.596832	0.264444
2029	0.639617	0.274815
2032	0.649161	0.267941
2035	0.661683	0.274724
2038	0.667244	0.265012
2041	0.637105	0.258168
2044	0.565539	0.217412
2047	0.505766	0.195334
2050	0.473366	0.180478
2053	0.435878	0.160254
2056	0.399298	0.143149
2059	0.36419	0.117554
2062	0.321949	0.105539
2065	0.3126	0.081839
2068	0.307954	0.063761
2071	0.30499	0.0550756
2074	0.295176	0.0434317
2077	0.278244	0.0289
2080	0.255949	0.0225976
2083	0.242549	0.0133073
2086	0.234168	0.0173707
2089	0.233666	0.00974878
2092	0.233598	0.00812683
2095	0.233576	0.00903415
2098	0.23751	0.00983659
2101	0.248402	0.0212537
2104	0.2643	0.0334268
2107	0.282815	0.0448707
2110	0.312998	0.0716171
2113	0.372988	0.0690732
2116	0.473561	0.0812024
2119	0.575859	0.087778
2122	0.650071	0.0977
2125	0.696695	0.109856
2128	0.734288	0.131037
2131	0.750693	0.133839
2134	0.763595	0.144959
2137	0.77011	0.149151
2140	0.768868	0.149278
2143	0.765366	0.154998
2146	0.766244	0.159876
2149	0.768137	0.160695
2152	0.759234	0.171902
2155	0.721729	0.187276
2158	0.675163	0.202793
2161	0.636763	0.207088
2164	0.62671	0.189195
2167	0.620602	0.175973
2170	0.616	0.161412
2173	0.611827	0.144993
2176	0.569729	0.150137
2179	0.496134	0.128183
2182	0.431034	0.0977829
2185	0.34221	0.114676
2188	0.324761	0.0659488
2191	0.307288	0.0584585
2194	0.288583	0.046022
2197	0.273293	0.0367463
2200	0.260712	0.0278976
2203	0.254261	0.0193098
2206	0.249768	0.0160829
2209	0.243927	0.0120293
2212	0.225371	0.0163317
2215	0.224249	0.00500488
2218	0.223173	0.00439024
2221	0.22412	0.00418537
2224	0.223156	0.00493902
2227	0.222144	0.0040561
2230	0.221078	0.00533659
2233	0.220961	0.00420488
2236	0.220678	0.011278
2239	0.22202	0.00511707
2242	0.221993	0.00634634
2245	0.223	0.00569512
2248	0.223617	0.00650976
2251	0.2249	0.00636098
2254	0.225746	0.00829512
2257	0.224444	0.00811951
2260	0.226044	0.0164659
2263	0.226234	0.00892927
2266	0.232161	0.0184366
2269	0.247812	0.0413341
2272	0.267432	0.0656829
2275	0.294366	0.0872463
2278	0.319385	0.101873
2281	0.333551	0.110693
2284	0.344451	0.113073
2287	0.342059	0.124585
2290	0.34721	0.114627
2293	0.342134	0.112788
2296	0.329502	0.108002
2299	0.323417	0.115932
2302	0.323751	0.125102
2305	0.322534	0.127495
2308	0.316537	0.119212
2311	0.305022	0.127863
2314	0.305383	0.116876
2317	0.305224	0.10811
2320	0.297285	0.0986805
2323	0.292839	0.0886317
2326	0.290624	0.078661
2329	0.277749	0.0700756
2332	0.256922	0.0602098
2335	0.236202	0.0600854
2338	0.231239	0.0431122
2341	0.228815	0.0387073
2344	0.225705	0.0330634
2347	0.221302	0.0283902
2350	0.225176	0.0314049
2353	0.232	0.0374805
2356	0.242863	0.034939
2359	0.2512	0.0299537
2362	0.251359	0.0329585
2365	0.244227	0.0249244
2368	0.235176	0.0238049
2371	0.226056	0.0229561
2374	0.221029	0.0218805
2377	0.218085	0.0204683
2380	0.213868	0.0192366
2383	0.215124	0.0295122
2386	0.220412	0.0651854
2389	0.265478	0.0838439
2392	0.337183	0.0992317
2395	0.416271	0.0995927
2398	0.464976	0.0934415
2401	0.4862	0.0887415
2404	0.495615	0.0876732
2407	0.499461	0.0819634
2410	0.440066	0.0956951
2413	0.407683	0.0723561
2416	0.358939	0.0542244
2419	0.30658	0.0462341
2422	0.267015	0.0324707
2425	0.242027	0.0218463
2428	0.226432	0.0135366
2431	0.219251	0.0080561
2434	0.22599	0.0330878
2437	0.235578	0.069522
2440	0.264366	0.0725244
2443	0.285059	0.0714463
2446	0.291424	0.0684561
2449	0.282866	0.0657829
2452	0.256507	0.0621951
2455	0.240149	0.0583293
2458	0.239695	0.056739
2461	0.231812	0.0603293
2464	0.223788	0.043922
2467	0.221588	0.0372195
2470	0.222805	0.0290024
2473	0.216307	0.0218829
2476	0.211863	0.0240293
2479	0.215434	0.0329707
2482	0.233	0.0312951
2485	0.245241	0.0388098
2488	0.248093	0.029061
2491	0.240649	0.0272902
2494	0.234495	0.0260756
2497	0.227868	0.025139
2500	0.221437	0.0243024
2503	0.220032	0.0219854
2506	0.21709	0.0229707
2509	0.224522	0.0403585
2512	0.23329	0.0694561
2515	0.262285	0.0904049
2518	0.289424	0.104566
2521	0.328354	0.103156
2524	0.380139	0.104941
2527	0.408224	0.103761
2530	0.419588	0.100085
2533	0.424624	0.0963683
2536	0.412415	0.103332
2539	0.401846	0.0939829
2542	0.360095	0.0927366
2545	0.326537	0.0931902
2548	0.27822	0.0824122
2551	0.265754	0.0711537
2554	0.259539	0.0582878
2557	0.253137	0.0451463
2560	0.21972	0.0465634
2563	0.208395	0.025778
2566	0.199961	0.0159756
2569	0.195651	0.00611463
2572	0.194607	0.00273171
2575	0.194132	0.00140732
2578	0.194073	0.0012561
2581	0.194193	0.000829268
2584	0.193959	0.00127561
2587	0.192627	0.00980732
2590	0.192766	0.00175122
2593	0.19248	0.00167073
2596	0.192559	0.00156341
2599	0.192605	0.00204146
2602	0.192171	0.000892683
2605	0.192137	0.000931707
2608	0.191985	0.000780488
2611	0.191324	0.00828293
2614	0.191705	0.00214146
2617	0.191673	0.00199756
2620	0.191912	0.00184146
2623	0.193873	0.00439024
2626	0.212773	0.0271951
2629	0.23441	0.054178
2632	0.253366	0.0679171
2635	0.257739	0.0790683
2638	0.267966	0.0912854
2641	0.292998	0.112085
2644	0.327159	0.155112
2647	0.376483	0.188759
2650	0.42589	0.212695
2653	0.487249	0.219446
2656	0.52559	0.218966
2659	0.54482	0.215346
2662	0.551459	0.216517
2665	0.53872	0.197417
2668	0.532851	0.195729
2671	0.533895	0.191768
2674	0.524229	0.185844
2677	0.494434	0.18392
2680	0.44728	0.17908
2683	0.412846	0.154359
2686	0.370956	0.163483
2689	0.377151	0.12638
2692	0.390476	0.106961
2695	0.398183	0.0969732
2698	0.393202	0.0891463
2701	0.37649	0.0756195
2704	0.361698	0.0626268
2707	0.353202	0.0513634
2710	0.34699	0.0501024
2713	0.349227	0.0407488
2716	0.349202	0.0398146
2719	0.343807	0.0419951
2722	0.323012	0.0386195
2725	0.310278	0.0390561
2728	0.309024	0.0488341
2731	0.311661	0.0596951
2734	0.313478	0.0760195
2737	0.293346	0.0884293
2740	0.296829	0.0807439
2743	0.300041	0.0792512
2746	0.303144	0.0793122
2749	0.311671	0.0860293
2752	0.316671	0.088822
2755	0.319195	0.0863024
2758	0.322085	0.0861829
2761	0.311032	0.0917805
2764	0.30872	0.0798878
2767	0.301039	0.0778902
2770	0.296534	0.0676659
2773	0.293812	0.0675488
2776	0.2877	0.0673512
2779	0.283785	0.0651244
2782	0.27929	0.0601317
2785	0.266083	0.0732878
2788	0.264166	0.0556146
2791	0.262922	0.0521585
2794	0.260139	0.0500683
2797	0.258117	0.0467902
2800	0.25658	0.0424585
2803	0.255483	0.0405659
2806	0.255054	0.0356073
2809	0.255371	0.0288854
2812	0.251924	0.0439805
2815	0.25182	0.0232171
2818	0.251754	0.0197049
2821	0.251771	0.0138927
2824	0.252173	0.0139122
2827	0.251429	0.0117317
2830	0.250834	0.0166
2833	0.250002	0.0183634
2836	0.251283	0.0392829
2839	0.251588	0.0158073
2842	0.251529	0.0135317
2845	0.251395	0.0135049
2848	0.251163	0.0124463
2851	0.252766	0.0124756
2854	0.252563	0.0122366
2857	0.250056	0.0128122
2860	0.247317	0.0400439
2863	0.247671	0.0149146
2866	0.248624	0.0171512
2869	0.249546	0.021461
2872	0.249854	0.0194195
2875	0.250071	0.017939
2878	0.254556	0.0196756
2881	0.267444	0.0292878
2884	0.276307	0.0360122
2887	0.283034	0.0708073
2890	0.285476	0.0439634
2893	0.285622	0.0420171
2896	0.282707	0.0378951
2899	0.278459	0.0336024
2902	0.274956	0.0311
2905	0.271839	0.0269756
2908	0.270866	0.0268561
2911	0.266688	0.0568976
2914	0.266851	0.0265024
2917	0.266329	0.0265171
2920	0.265073	0.0270488
2923	0.265317	0.0269488
2926	0.264451	0.0256122
2929	0.264637	0.0265439
2932	0.267232	0.0281805
2935	0.265629	0.0592049
2938	0.263385	0.0291195
2941	0.266273	0.0301732
2944	0.27189	0.0318488
2947	0.281844	0.0391927
2950	0.29452	0.0464634
2953	0.306593	0.0514293
2956	0.329712	0.0550171
2959	0.405983	0.057661
2962	0.474698	0.101207
2965	0.538632	0.0612049
2968	0.600483	0.067061
2971	0.628998	0.0677049
2974	0.672202	0.0719976
2977	0.688134	0.0735171
2980	0.696478	0.0759415
2983	0.716851	0.0781634
2986	0.738349	0.140222
2989	0.741551	0.100415
2992	0.747183	0.108134
2995	0.750466	0.121198
2998	0.75182	0.132832
3001	0.755707	0.134302
3004	0.757073	0.137227
3007	0.755795	0.149171
3010	0.754839	0.178332
3013	0.75018	0.148378
3016	0.750922	0.156398
3019	0.751568	0.161039
3022	0.75269	0.155217
3025	0.753995	0.148649
3028	0.756163	0.142859
3031	0.75781	0.134132
3034	0.758098	0.132771
3037	0.761983	0.16202
3040	0.762868	0.139705
3043	0.763556	0.127649
3046	0.764434	0.113837
3049	0.763673	0.1003
3052	0.763354	0.0876366
3055	0.763207	0.0857585
3058	0.76232	0.0901976
3061	0.763371	0.138356
3064	0.758188	0.0985585
3067	0.755522	0.1077
3070	0.754993	0.114449
3073	0.753698	0.117366
3076	0.751866	0.113744
3079	0.750885	0.114841
3082	0.750529	0.121468
3085	0.751368	0.176034
3088	0.752861	0.126007
3091	0.753027	0.127044
3094	0.753198	0.122149
3097	0.752724	0.112183
3100	0.752117	0.100168
3103	0.752837	0.0918512
3106	0.75288	0.0853
3109	0.752966	0.0783098
3112	0.75181	0.123222
3115	0.751046	0.0702707
3118	0.750873	0.062222
3121	0.749576	0.0586659
3124	0.748502	0.057222
3127	0.749546	0.0614512
3130	0.7491	0.0604537
3133	0.745522	0.0607463
3136	0.745168	0.109154
3139	0.744446	0.0571244
3142	0.743851	0.0523707
3145	0.743941	0.0475098
3148	0.744293	0.0483756
3151	0.744854	0.043622
3154	0.744263	0.0407195
3157	0.744537	0.0393732
3160	0.744556	0.109141
3163	0.74479	0.0492268
3166	0.744454	0.0443195
3169	0.74401	0.0394756
3172	0.743951	0.0341683
3175	0.743471	0.0387561
3178	0.741573	0.0438171
3181	0.740573	0.045439
3184	0.738385	0.0498878
3187	0.737102	0.11551
3190	0.734639	0.0640561
3193	0.733129	0.0578317
3196	0.733141	0.0518512
3199	0.732263	0.0461439
3202	0.731846	0.0389659
3205	0.731473	0.0359902
3208	0.731024	0.0337683
3211	0.730859	0.0972927
3214	0.730727	0.0339707
3217	0.730444	0.0274659
3220	0.730027	0.0238829
3223	0.729883	0.0214024
3226	0.729332	0.0206
3229	0.728688	0.0231073
3232	0.728054	0.0224951
3235	0.728949	0.0917146
3238	0.728829	0.0262122
3241	0.728673	0.018278
3244	0.728344	0.0167024
3247	0.727954	0.0178463
3250	0.727215	0.0145415
3253	0.727505	0.0156659
3256	0.727183	0.0136195
3259	0.727254	0.0109341
3262	0.72772	0.0743317
3265	0.727812	0.0152707
3268	0.727563	0.0143634
3271	0.727351	0.0114585
3274	0.727263	0.0116293
3277	0.727568	0.0118366
3280	0.728102	0.00771951
3283	0.728166	0.0099439
3286	0.730917	0.0725293
3289	0.731039	0.014139
3292	0.730895	0.0131634
3295	0.730795	0.0122951
3298	0.730527	0.0119829
3301	0.730371	0.0102927
3304	0.730537	0.0098439
3307	0.730307	0.00813171
3310	0.730085	0.0712122
3313	0.728739	0.0201756
3316	0.729066	0.0183195
3319	0.728959	0.0174585
3322	0.728573	0.0185366
3325	0.729283	0.0168098
3328	0.729461	0.0186561
3331	0.729888	0.0179171
3334	0.729422	0.0178195
3337	0.730307	0.0717024
3340	0.730166	0.0272976
3343	0.730302	0.0235268
3346	0.729934	0.0221244
3349	0.729461	0.0199146
3352	0.728624	0.0195341
3355	0.728712	0.0196439
3358	0.728702	0.0188951
3361	0.72919	0.0712341
3364	0.728785	0.0257512
3367	0.728727	0.0231976
3370	0.728705	0.0183293
3373	0.729868	0.0158976
3376	0.730324	0.0128073
3379	0.730473	0.0083
3382	0.730456	0.00787317
3385	0.731012	0.0659171
3388	0.730971	0.0169683
3391	0.730971	0.0139878
3394	0.730578	0.011978
3397	0.730046	0.0104805
3400	0.730288	0.00702195
3403	0.730359	0.00742927
3406	0.730266	0.00637317
3409	0.730278	0.00679756
3412	0.730983	0.0594439
3415	0.730868	0.0128171
3418	0.730859	0.0104634
3421	0.730595	0.012422
3424	0.730568	0.00692195
3427	0.730466	0.00581463
3430	0.730637	0.00458049
3433	0.731551	0.00543171
3436	0.735346	0.0639024
3439	0.7351	0.0108146
3442	0.734995	0.0101927
3445	0.735107	0.00671707
3448	0.735098	0.00619512
3451	0.735078	0.00600244
3454	0.735185	0.00599268
3457	0.734924	0.00624634
3460	0.735073	0.0594951
3463	0.73501	0.0170659
3466	0.735068	0.0143415
3469	0.734971	0.0115732
3472	0.734837	0.0102146
3475	0.734744	0.00647561
3478	0.734661	0.00478537
3481	0.734702	0.00474634
3484	0.734644	0.00352683
3487	0.735478	0.0508634
3490	0.735312	0.0105732
3493	0.735046	0.00746585
3496	0.735024	0.00746341
3499	0.734773	0.00356098
3502	0.734954	0.00508293
3505	0.734776	0.00423902
3508	0.734595	0.00415854
3511	0.734956	0.0510195
3514	0.735105	0.00981951
3517	0.735012	0.00542683
3520	0.735037	0.00416829
3523	0.734922	0.00350244
3526	0.73478	0.00230244
3529	0.734666	0.00157317
3532	0.73479	0.00150488
3535	0.735132	0.0497512
3538	0.734885	0.00759268
3541	0.734676	0.0069
3544	0.734595	0.00577561
3547	0.734476	0.00832927
3550	0.734405	0.00709756
3553	0.734356	0.0056878
3556	0.734417	0.00674634
3559	0.734224	0.00697805
3562	0.734044	0.0444
3565	0.733844	0.00883171
3568	0.734195	0.0070439
3571	0.734849	0.0499732
3574	0.734759	0.0105244
3577	0.734476	0.00732927
3580	0.734473	0.00750244
3583	0.734222	0.00775854
3586	0.733793	0.00726098
3589	0.734046	0.0064
3592	0.734007	0.00712683
3595	0.7338	0.0534902
3598	0.733759	0.0113146
3601	0.733673	0.00921463
3604	0.73392	0.00581951
3607	0.734017	0.00672195
3610	0.734129	0.00415366
3613	0.734612	0.0049439
3616	0.734624	0.00611951
3619	0.735532	0.0555732
3622	0.735261	0.0183829
3625	0.735305	0.017161
3628	0.735041	0.0117171
3631	0.734329	0.0101146
3634	0.734059	0.00943415
3637	0.733793	0.00849756
3640	0.733661	0.00826098
3643	0.733617	0.00761951
3646	0.73401	0.0519171
3649	0.73402	0.0153268
3652	0.734171	0.0113537
3655	0.734307	0.00915122
3658	0.734495	0.00763415
3661	0.734259	0.00658537
3664	0.734593	0.00440976
3667	0.734612	0.00592683
3670	0.735049	0.0516927
3673	0.734259	0.014839
3676	0.734129	0.0144756
3679	0.734402	0.0130098
3682	0.734268	0.0157683
3685	0.734383	0.0123244
3688	0.734351	0.00881707
3691	0.734268	0.0049561
3694	0.734995	0.0520024
3697	0.734432	0.0220439
3700	0.734459	0.0283195
3703	0.734937	0.0316366
3706	0.734676	0.0328463
3709	0.733815	0.032639
3712	0.733429	0.0314293
3715	0.733029	0.0291805
3718	0.732612	0.0298366
3721	0.732249	0.0675
3724	0.732485	0.0327634
3727	0.733171	0.0301317
3730	0.732871	0.028222
3733	0.732922	0.027639
3736	0.732241	0.0280488
3739	0.731766	0.026878
3742	0.731576	0.0267439
3745	0.73188	0.0628585
3748	0.731641	0.0267951
3751	0.731576	0.0243415
3754	0.731151	0.0210268
3757	0.730966	0.0165854
3760	0.730917	0.0079
3763	0.730007	0.00799512
3766	0.728583	0.00876829
3769	0.729583	0.0602683
3772	0.729817	0.0178732
3775	0.729995	0.0204537
3778	0.730317	0.0204317
3781	0.731788	0.023378
3784	0.731627	0.0201683
3787	0.731341	0.0209024
3790	0.731278	0.0181976
3793	0.731159	0.0186463
3796	0.731373	0.0770512
3799	0.730156	0.0380902
3802	0.729298	0.0388707
3805	0.728761	0.0396976
3808	0.728902	0.040422
3811	0.728849	0.0390122
3814	0.729529	0.0345293
3817	0.729634	0.030078
3820	0.734132	0.0943854
3823	0.734141	0.0239195
3826	0.734068	0.0135878
3829	0.734173	0.00952439
3832	0.734637	0.00856829
3835	0.734251	0.0087561
3838	0.73391	0.00704878
3841	0.733685	0.00712195
3844	0.733124	0.0645756
3847	0.733178	0.0189732
3850	0.733432	0.0148122
3853	0.733751	0.0116878
3856	0.733617	0.0109463
3859	0.733127	0.0108049
3862	0.733839	0.0101707
3865	0.733556	0.0131512
3868	0.733702	0.0125537
3871	0.735444	0.0626
3874	0.735668	0.0203561
3877	0.736124	0.0139976
3880	0.736254	0.014861
3883	0.735802	0.0144951
3886	0.735402	0.00999268
3889	0.735441	0.00967805
3892	0.735427	0.0140098
3895	0.734922	0.0681878
3898	0.735129	0.0277195
3901	0.733222	0.028539
3904	0.73488	0.0239537
3907	0.735063	0.0195829
3910	0.73512	0.0157293
3913	0.734763	0.0137976
3916	0.734771	0.0122244
3919	0.734956	0.0655585
3922	0.734934	0.0202902
3925	0.73522	0.015022
3928	0.735276	0.0135415
3931	0.734037	0.0123073
3934	0.734612	0.0114976
3937	0.735195	0.00743171
3940	0.735095	0.00894634
3943	0.734871	0.00922683
3946	0.735488	0.0529
3949	0.73589	0.0113585
3952	0.735707	0.00876341
3955	0.735727	0.0073561
3958	0.735744	0.00903415
3961	0.735259	0.0104415
3964	0.734641	0.00987805
3967	0.735307	0.00728293
3970	0.735929	0.0610902
3973	0.735854	0.0138488
3976	0.736046	0.0105512
3979	0.735856	0.0107415
3982	0.734527	0.0137073
3985	0.731776	0.0138634
3988	0.734366	0.00998049
3991	0.73588	0.0070561
3994	0.735712	0.0580707
3997	0.735261	0.011039
4000	0.735068	0.0100366
4003	0.735102	0.00626585
4006	0.73508	0.007
4009	0.735607	0.00566341
4012	0.73562	0.00346098
4015	0.735427	0.00550976
4018	0.735259	0.00880976
4021	0.735576	0.060439
4024	0.735415	0.0184902
4027	0.735498	0.0170415
4030	0.734876	0.015122
4033	0.735151	0.0147683
4036	0.735276	0.0140659
4039	0.734832	0.0116
4042	0.735244	0.00987073
4045	0.734934	0.0595927
4048	0.734902	0.0122537
4051	0.734859	0.00847805
4054	0.734644	0.00526098
4057	0.73478	0.00533171
4060	0.734807	0.00470976
4063	0.734812	0.00709756
4066	0.735163	0.00855366
4069	0.734666	0.0699366
4072	0.734212	0.0151878
4075	0.734276	0.011339
4078	0.734537	0.00715122
4081	0.734456	0.00626341
4084	0.734622	0.00795854
4087	0.734915	0.0097439
4090	0.734756	0.00930488
4093	0.734507	0.00874634
4096	0.736446	0.0625244
4099	0.736488	0.0192902
4102	0.735666	0.0150098
4105	0.735717	0.0120829
4108	0.73528	0.0116829
4111	0.734951	0.00900976
4114	0.7344	0.00919268
4117	0.734329	0.00970732
4120	0.734188	0.0602024
4123	0.733841	0.016039
4126	0.733849	0.0141024
4129	0.73349	0.0217756
4132	0.733398	0.0279073
4135	0.732917	0.0336659
4138	0.732415	0.0402927
4141	0.731956	0.0446366
4144	0.731349	0.0997976
4147	0.731276	0.0584463
4150	0.731346	0.0608927
4153	0.731132	0.0631585
4156	0.730834	0.0648317
4159	0.729746	0.0682902
4162	0.728734	0.0788878
4165	0.728146	0.0843854
4168	0.727966	0.089478
4171	0.727185	0.12768
4174	0.727878	0.106605
4177	0.729015	0.0970488
4180	0.729551	0.107837
4183	0.733941	0.100573
4186	0.737688	0.111785
4189	0.739168	0.117705
4192	0.740146	0.10822
4195	0.739705	0.153329
4198	0.739763	0.138746
4201	0.738688	0.165588
4204	0.736695	0.181622
4207	0.736568	0.202293
4210	0.735754	0.21639
4213	0.73789	0.231883
4216	0.738093	0.249117
4219	0.742239	0.267339
4222	0.744766	0.250437
4225	0.748793	0.265851
4228	0.752744	0.264537
4231	0.757744	0.276898
4234	0.759285	0.290851
4237	0.75852	0.2984
4240	0.757256	0.32341
4243	0.76002	0.34138
4246	0.759302	0.32839
4249	0.75289	0.350727
4252	0.748883	0.352444
4255	0.744439	0.375973
4258	0.744878	0.371844
4261	0.744441	0.391176
4264	0.745076	0.37979
4267	0.747439	0.380802
4270	0.748844	0.377378
4273	0.750754	0.382741
4276	0.752788	0.385666
4279	0.7528	0.394695
4282	0.758239	0.400178
4285	0.763727	0.397949
4288	0.764559	0.400954
4291	0.766729	0.393215
4294	0.762234	0.405073
4297	0.757076	0.382878
4300	0.751139	0.38469
4303	0.748959	0.386637
4306	0.743256	0.38562
4309	0.745449	0.380183
4312	0.749371	0.374266
4315	0.746615	0.372012
4318	0.741085	0.386117
4321	0.740644	0.3846
4324	0.736349	0.382393
4327	0.737393	0.384737
4330	0.737839	0.365959
4333	0.737576	0.371151
4336	0.735256	0.368239
4339	0.730105	0.364724
4342	0.726471	0.360549
4345	0.721176	0.369251
4348	0.717546	0.363685
4351	0.716788	0.36311
4354	0.718929	0.358646
4357	0.71901	0.3538
4360	0.725073	0.346263
4363	0.731154	0.343583
4366	0.733402	0.347639
4369	0.7389	0.351173
4372	0.740927	0.348793
4375	0.742061	0.348122
4378	0.737807	0.360902
4381	0.743883	0.354639
4384	0.743656	0.360737
4387	0.743624	0.360902
4390	0.743276	0.364576
4393	0.735371	0.383024
4396	0.73411	0.366354
4399	0.730883	0.358344
4402	0.72338	0.351676
4405	0.717056	0.341251
4408	0.695963	0.348129
4411	0.684851	0.336929
4414	0.692273	0.333476
4417	0.708163	0.332046
4420	0.726778	0.343463
4423	0.728885	0.338315
4426	0.717115	0.343334
4429	0.710934	0.354173
4432	0.707051	0.357446
4435	0.704137	0.353293
4438	0.693178	0.348432
4441	0.687202	0.347171
4444	0.68012	0.362395
4447	0.667095	0.351822
4450	0.657507	0.348495
4453	0.646361	0.346122
4456	0.636217	0.346537
4459	0.626671	0.347983
4462	0.632044	0.348576
4465	0.635893	0.355841
4468	0.646388	0.365605
4471	0.650212	0.377222
4474	0.656932	0.373412
4477	0.656856	0.376573
4480	0.655673	0.382995
4483	0.65909	0.383934
4486	0.663017	0.402371
4489	0.667702	0.375393
4492	0.677907	0.378629
4495	0.684878	0.376783
4498	0.696007	0.378539
4501	0.704883	0.383349
4504	0.72302	0.388322
4507	0.73799	0.38592
4510	0.745098	0.388995
4513	0.755646	0.387861
4516	0.758807	0.376395
4519	0.75739	0.382407
4522	0.755037	0.370388
4525	0.752634	0.362234
4528	0.753205	0.367761
4531	0.751337	0.359773
4534	0.7528	0.357537
4537	0.756741	0.35211
4540	0.755561	0.342422
4543	0.757805	0.335851
4546	0.750268	0.339883
4549	0.746585	0.335
4552	0.73578	0.341856
4555	0.729488	0.360049
4558	0.724549	0.392156
4561	0.72458	0.377754
4564	0.724339	0.399663
4567	0.730983	0.384395
4570	0.731934	0.397754
4573	0.7279	0.369929
4576	0.71961	0.36208
4579	0.707578	0.349734
4582	0.704466	0.35029
4585	0.705766	0.343712
4588	0.70478	0.337588
4591	0.708734	0.34238
4594	0.71672	0.348249
4597	0.721637	0.32519
4600	0.713234	0.327171
4603	0.708246	0.321915
4606	0.708054	0.317737
4609	0.708851	0.31001
4612	0.714444	0.307685
4615	0.719934	0.290839
4618	0.720959	0.282856
4621	0.720807	0.278815
4624	0.707532	0.274015
4627	0.694083	0.260168
4630	0.688471	0.267998
4633	0.682322	0.284973
4636	0.679741	0.288844
4639	0.684961	0.287651
4642	0.692759	0.29451
4645	0.696805	0.3095
4648	0.704705	0.305683
4651	0.707041	0.3083
4654	0.714185	0.304151
4657	0.722524	0.303661
4660	0.730412	0.301095
4663	0.734963	0.2881
4666	0.7348	0.280537
4669	0.718778	0.282029
4672	0.70779	0.261961
4675	0.694939	0.275005
4678	0.690827	0.25582
4681	0.6691	0.263063
4684	0.657856	0.262954
4687	0.64828	0.23452
4690	0.644122	0.230627
4693	0.650156	0.224941
4696	0.650902	0.235073
4699	0.657937	0.232363
4702	0.666002	0.235837
4705	0.671905	0.24468
4708	0.679868	0.250383
4711	0.69229	0.261366
4714	0.707159	0.285059
4717	0.710702	0.303812
4720	0.721163	0.322939
4723	0.723444	0.317988
4726	0.72621	0.321932
4729	0.732349	0.330759
4732	0.735756	0.316744
4735	0.737734	0.309037
4738	0.741576	0.295215
4741	0.740234	0.28059
4744	0.740366	0.283546
4747	0.717773	0.275666
4750	0.669566	0.261551
4753	0.602339	0.249344
4756	0.557971	0.209639
4759	0.479429	0.210983
4762	0.438088	0.176068
4765	0.407539	0.155993
4768	0.380312	0.138722
4771	0.348063	0.128973
4774	0.335459	0.0986171
4777	0.328863	0.0826341
4780	0.32619	0.0655634
4783	0.317198	0.0516756
4786	0.304288	0.0404
4789	0.285339	0.0297317
4792	0.276098	0.0183683
4795	0.27221	0.0195976
4798	0.268673	0.0062439
4801	0.268366	0.00156098
4804	0.268498	0.00092439
4807	0.268946	0.000709756
4810	0.262134	0.00127561
4813	0.250961	0.00107805
4816	0.242283	0.00138049
4819	0.218602	0.00864146
4822	0.218685	0.00150976
4825	0.218161	0.00208293
4828	0.218159	0.00214634
4831	0.218061	0.00168293
4834	0.214624	0.0154683
4837	0.214878	0.0052561
4840	0.214915	0.00446341
4843	0.21471	0.00543171
4846	0.214117	0.00557561
4849	0.213334	0.00509512
4852	0.213337	0.00549512
4855	0.213063	0.0047
4858	0.212861	0.0125927
4861	0.213183	0.00576098
4864	0.2127	0.00519024
4867	0.212676	0.00544878
4870	0.212759	0.00433902
4873	0.212766	0.0052878
4876	0.21259	0.00500488
4879	0.212371	0.00449512
4882	0.211866	0.00536098
4885	0.211271	0.00948049
4888	0.211137	0.00518293
4891	0.211149	0.00504634
4894	0.210812	0.00536585
4897	0.210324	0.00447317
4900	0.210417	0.00331707
4903	0.210546	0.00343171
4906	0.210344	0.00330488
4909	0.208476	0.00867805
4912	0.207915	0.00321463
4915	0.207473	0.00497073
4918	0.218373	0.0339756
4921	0.243827	0.0591488
4924	0.27539	0.067561
4927	0.303561	0.0919561
4930	0.320485	0.107676
4933	0.342941	0.134998
4936	0.390032	0.129244
4939	0.469729	0.133141
4942	0.513276	0.120146
4945	0.525273	0.115344
4948	0.531734	0.108527
4951	0.51992	0.0990293
4954	0.508954	0.0921634
4957	0.454793	0.0861366
4960	0.396349	0.0884732
4963	0.363856	0.0632854
4966	0.302334	0.0653024
4969	0.28339	0.0705829
4972	0.292971	0.104137
4975	0.314351	0.128771
4978	0.339632	0.144332
4981	0.35522	0.147041
4984	0.353546	0.146037
4987	0.351685	0.134129
4990	0.345198	0.126017
4993	0.327863	0.121561
4996	0.308224	0.117361
4999	0.290176	0.107954
5002	0.277424	0.097578
5005	0.27181	0.0894317
5008	0.260483	0.087822
5011	0.254044	0.0686195
5014	0.247695	0.0571073
5017	0.240795	0.0414683
5020	0.236273	0.0397317
5023	0.235034	0.0394488
5026	0.243539	0.0362024
5029	0.252637	0.0313098
5032	0.259612	0.0251146
5035	0.250283	0.0306073
5038	0.243141	0.0240805
5041	0.234939	0.0236073
5044	0.229949	0.0232244
5047	0.238844	0.0319732
5050	0.251973	0.0495171
5053	0.264788	0.0662463
5056	0.286927	0.0785805
5059	0.324007	0.103541
5062	0.378232	0.104459
5065	0.431312	0.108685
5068	0.457056	0.119895
5071	0.491383	0.139083
5074	0.523627	0.153737
5077	0.547949	0.163751
5080	0.565671	0.167178
5083	0.58212	0.173749
5086	0.570822	0.177485
5089	0.511563	0.182959
5092	0.4092	0.178163
5095	0.3622	0.159193
5098	0.329578	0.147968
5101	0.293449	0.131168
5104	0.255522	0.113646
5107	0.224541	0.0914195
5110	0.207602	0.0834683
5113	0.207739	0.0678171
5116	0.209939	0.0603439
5119	0.210151	0.0443195
5122	0.19709	0.030039
5125	0.178549	0.0203463
5128	0.168293	0.00752683
5131	0.166859	0.000685366
5134	0.164456	0.0099439
5137	0.164898	0.00119512
5140	0.165246	0.000636585
5143	0.165544	0.000358537
5146	0.165663	0.000212195
5149	0.165985	0.000141463
5152	0.166012	0.000107317
5155	0.166251	5.85366e-05
5158	0.1656	0.00810732
5161	0.166271	0.00115122
5164	0.166215	0.000570732
5167	0.166761	0.00072439
5170	0.167056	0.000412195
5173	0.16711	0.000217073
5176	0.167273	0.000190244
5179	0.167378	0.000104878
5182	0.167271	0.000107317
5185	0.166851	0.00590488
5188	0.166685	0.000492683
5191	0.166846	0.000460976
5194	0.166466	0.00584146
5197	0.166927	0.000697561
5200	0.166644	0.000736585
5203	0.166622	0.000253659
5206	0.16661	0.000304878
5209	0.166902	0.000185366
5212	0.166822	0.000309756
5215	0.166773	0.000119512
5218	0.166505	8.04878e-05
5221	0.167268	0.00701951
5224	0.167315	0.00136829
5227	0.16741	0.000409756
5230	0.167588	0.000853659
5233	0.167434	0.000136585
5236	0.167354	0.000163415
5239	0.167071	0.0002
5242	0.16702	7.80488e-05
5245	0.163171	0.00565122
5248	0.163268	0.000453659
5251	0.163105	0.000395122
5254	0.163154	0.000292683
5257	0.173646	0.0169049
5260	0.192761	0.0358317
5263	0.21688	0.0540854
5266	0.247115	0.0673756
5269	0.298551	0.0790439
5272	0.323727	0.0690756
5275	0.344266	0.0679366
5278	0.359661	0.0641659
5281	0.369039	0.0616707
5284	0.373324	0.0583512
5287	0.375154	0.0593098
5290	0.382441	0.0828488
5293	0.388834	0.102424
5296	0.405593	0.130056
5299	0.439971	0.119463
5302	0.494302	0.121032
5305	0.531246	0.109541
5308	0.557449	0.105224
5311	0.576012	0.098178
5314	0.593027	0.0932512
5317	0.606307	0.0850707
5320	0.632539	0.093722
5323	0.634437	0.0717805
5326	0.638368	0.069761
5329	0.63791	0.0733146
5332	0.629202	0.0892463
5335	0.623	0.0956927
5338	0.616046	0.10188
5341	0.609568	0.0985463
5344	0.581756	0.116595
5347	0.587924	0.0951732
5350	0.588351	0.101817
5353	0.590515	0.117205
5356	0.588078	0.131961
5359	0.58959	0.152056
5362	0.568539	0.17531
5365	0.559098	0.162202
5368	0.522261	0.163907
5371	0.508505	0.17331
5374	0.512178	0.1414
5377	0.514627	0.132244
5380	0.515624	0.122607
5383	0.507259	0.116229
5386	0.49919	0.125532
5389	0.49142	0.128334
5392	0.483729	0.125915
5395	0.472771	0.163476
5398	0.481215	0.133732
5401	0.483132	0.124632
5404	0.485895	0.120483
5407	0.488871	0.116527
5410	0.493602	0.109195
5413	0.498117	0.101141
5416	0.503902	0.109427
5419	0.50281	0.158232
5422	0.513185	0.127388
5425	0.527285	0.121132
5428	0.534273	0.118412
5431	0.535849	0.123571
5434	0.53648	0.131224
5437	0.54211	0.132005
5440	0.547729	0.134827
5443	0.550498	0.138234
5446	0.55479	0.20579
5449	0.564098	0.157139
5452	0.571463	0.153305
5455	0.575083	0.141551
5458	0.57939	0.134
5461	0.583624	0.130005
5464	0.594285	0.118937
5467	0.602683	0.107071
5470	0.623378	0.16189
5473	0.626007	0.098261
5476	0.628524	0.0948098
5479	0.630656	0.0978902
5482	0.632246	0.101595
5485	0.632168	0.0989098
5488	0.631532	0.0958805
5491	0.630368	0.095639
5494	0.641929	0.161554
5497	0.646156	0.101895
5500	0.66439	0.0949463
5503	0.683629	0.0918341
5506	0.693017	0.0833122
5509	0.699561	0.0780854
5512	0.70281	0.0801829
5515	0.704383	0.0779366
5518	0.704654	0.0763732
5521	0.712954	0.158371
5524	0.712746	0.0896829
5527	0.711885	0.0916854
5530	0.712139	0.082739
5533	0.712063	0.0891756
5536	0.711146	0.0976829
5539	0.710141	0.0871585
5542	0.710266	0.0830195
5545	0.712146	0.155102
5548	0.712493	0.0825634
5551	0.712751	0.0729439
5554	0.712173	0.0713976
5557	0.71198	0.072261
5560	0.711354	0.0691049
5563	0.710534	0.0762366
5566	0.70901	0.0811073
5569	0.705041	0.178224
5572	0.70271	0.114893
5575	0.702207	0.11001
5578	0.701837	0.113373
5581	0.701673	0.110302
5584	0.701378	0.0997415
5587	0.701956	0.0943683
5590	0.702854	0.0903098
5593	0.703324	0.0824537
5596	0.701459	0.15939
5599	0.700771	0.0826366
5602	0.700507	0.0675634
5605	0.700454	0.0663951
5608	0.700029	0.0658268
5611	0.698739	0.0628366
5614	0.696122	0.0609317
5617	0.695339	0.0607707
5620	0.692802	0.142744
5623	0.691851	0.0735341
5626	0.691366	0.062939
5629	0.691122	0.0572878
5632	0.690854	0.0542024
5635	0.691185	0.0498244
5638	0.691354	0.0418049
5641	0.692149	0.0403512
5644	0.693929	0.13778
5647	0.693798	0.0435585
5650	0.6944	0.0413707
5653	0.691707	0.0424171
5656	0.689795	0.0435512
5659	0.689798	0.0405707
5662	0.690156	0.0383756
5665	0.690766	0.0357
5668	0.690883	0.0316146
5671	0.690941	0.112285
5674	0.690988	0.0404927
5677	0.691966	0.0355341
5680	0.692073	0.0346756
5683	0.691622	0.0320805
5686	0.691673	0.0274902
5689	0.691873	0.0300732
5692	0.692085	0.028878
5695	0.693024	0.109124
5698	0.69329	0.0394585
5701	0.691932	0.0343415
5704	0.689639	0.0256341
5707	0.6892	0.0219537
5710	0.68662	0.0214122
5713	0.68319	0.0193878
5716	0.68202	0.0176659
5719	0.682702	0.101293
5722	0.682585	0.0131195
5725	0.682468	0.0137366
5728	0.682354	0.0104854
5731	0.681924	0.0134073
5734	0.681634	0.00989024
