1	0.30955	0.70405
4	0.3032	0.0547
7	0.30505	0.0628
10	0.3146	0.0698
13	0.3318	0.0683
16	0.34855	0.06265
19	0.35895	0.06645
22	0.37445	0.0511
25	0.3868	0.0537
28	0.38635	0.05575
31	0.3804	0.0575
34	0.37775	0.05605
37	0.37835	0.05355
40	0.3725	0.04835
43	0.3692	0.04615
46	0.3564	0.05185
49	0.3531	0.03735
52	0.34965	0.0365
55	0.3482	0.03625
58	0.34985	0.0303
61	0.3516	0.0319
64	0.34995	0.03065
67	0.3488	0.02855
70	0.34135	0.0389
73	0.34235	0.02555
76	0.3412	0.02625
79	0.34305	0.0319
82	0.3482	0.04135
85	0.35975	0.05315
88	0.37395	0.06405
91	0.38585	0.0687
94	0.40285	0.11125
97	0.4151	0.08305
100	0.42905	0.0731
103	0.44095	0.071
106	0.4445	0.07665
109	0.44565	0.0782
112	0.44245	0.08165
115	0.4373	0.08805
118	0.43005	0.08885
121	0.41835	0.10995
124	0.42945	0.0897
127	0.4342	0.08685
130	0.44365	0.0905
133	0.4428	0.08695
136	0.44865	0.08015
139	0.45015	0.0761
142	0.4505	0.06815
145	0.44055	0.08505
148	0.4401	0.06125
151	0.43775	0.05885
154	0.4334	0.056
157	0.4279	0.05725
160	0.4231	0.04495
163	0.4194	0.04575
166	0.415	0.0452
169	0.40505	0.0661
172	0.40135	0.0449
175	0.39955	0.03665
178	0.39625	0.0349
181	0.39275	0.0309
184	0.3909	0.0304
187	0.38935	0.02765
190	0.38675	0.02465
193	0.38485	0.0179
196	0.3792	0.04005
199	0.3779	0.016
202	0.3783	0.0113
205	0.37765	0.01165
208	0.37775	0.0106
211	0.37825	0.0106
214	0.3783	0.0104
217	0.3782	0.01045
220	0.38025	0.0375
223	0.38075	0.0157
226	0.38035	0.0098
229	0.3796	0.0103
232	0.37955	0.00925
235	0.38005	0.01065
238	0.37925	0.01185
241	0.3791	0.0121
244	0.37655	0.03855
247	0.37805	0.01755
250	0.37845	0.00905
253	0.37795	0.00625
256	0.37785	0.007
259	0.37905	0.0071
262	0.3778	0.0071
265	0.37625	0.0074
268	0.37685	0.0062
271	0.37065	0.0327
274	0.3711	0.0089
277	0.3696	0.0102
280	0.37425	0.0108
283	0.378	0.0121
286	0.3805	0.01695
289	0.38095	0.01665
292	0.3797	0.01395
295	0.3707	0.03875
298	0.368	0.01665
301	0.3645	0.01095
304	0.36395	0.01005
307	0.3636	0.011
310	0.36495	0.0131
313	0.3648	0.0143
316	0.3657	0.01265
319	0.3656	0.0466
322	0.3672	0.01655
325	0.36725	0.01505
328	0.3678	0.01405
331	0.36775	0.0153
334	0.36715	0.0067
337	0.36685	0.00765
340	0.37025	0.0133
343	0.3741	0.01815
346	0.3802	0.05245
349	0.38585	0.02565
352	0.38935	0.0254
355	0.39215	0.0263
358	0.3946	0.02035
361	0.3973	0.01845
364	0.39765	0.01875
367	0.3975	0.01645
370	0.39575	0.04355
373	0.3962	0.01765
376	0.39265	0.01745
379	0.3885	0.01515
382	0.38935	0.0184
385	0.3917	0.0234
388	0.3971	0.0298
391	0.4061	0.0382
394	0.40395	0.06495
397	0.4139	0.0452
400	0.41715	0.04405
403	0.42195	0.0427
406	0.4281	0.0491
409	0.4347	0.0544
412	0.44465	0.06495
415	0.452	0.06835
418	0.4589	0.0767
421	0.46785	0.12515
424	0.4792	0.09805
427	0.4886	0.1004
430	0.4987	0.1062
433	0.5104	0.1124
436	0.51795	0.11405
439	0.5227	0.11445
442	0.52675	0.11855
445	0.53305	0.1505
448	0.53705	0.1223
451	0.5436	0.11975
454	0.54895	0.1144
457	0.5552	0.11085
460	0.56055	0.10615
463	0.5648	0.10265
466	0.56935	0.0932
469	0.5782	0.1282
472	0.5805	0.0857
475	0.5805	0.07775
478	0.58075	0.07215
481	0.5812	0.07645
484	0.58255	0.0703
487	0.58195	0.06475
490	0.58135	0.0594
493	0.582	0.0566
496	0.57835	0.08985
499	0.57645	0.056
502	0.5747	0.056
505	0.5736	0.0575
508	0.57105	0.05825
511	0.57205	0.06395
514	0.5752	0.0705
517	0.592	0.06495
520	0.62015	0.14265
523	0.6382	0.0723
526	0.64605	0.0771
529	0.65125	0.0742
532	0.65425	0.07175
535	0.6541	0.0727
538	0.65525	0.0714
541	0.6566	0.07085
544	0.66725	0.13395
547	0.6638	0.07135
550	0.66265	0.06925
553	0.66235	0.0608
556	0.6608	0.0587
559	0.65975	0.0599
562	0.6576	0.07385
565	0.65965	0.08035
568	0.6598	0.08885
571	0.6576	0.11495
574	0.6569	0.06625
577	0.65505	0.0447
580	0.65465	0.03675
583	0.65465	0.035
586	0.65505	0.0424
589	0.6544	0.03985
592	0.65655	0.0472
595	0.66805	0.11065
598	0.67325	0.05455
601	0.67465	0.05455
604	0.67845	0.0488
607	0.68825	0.0497
610	0.6939	0.0512
613	0.6956	0.0524
616	0.69875	0.056
619	0.7106	0.12455
622	0.7098	0.06305
625	0.7085	0.05975
628	0.7097	0.05835
631	0.71195	0.05755
634	0.7155	0.0559
637	0.714	0.05415
640	0.7151	0.048
643	0.71475	0.048
646	0.7165	0.1009
649	0.71645	0.0504
652	0.71515	0.0507
655	0.7136	0.0518
658	0.71115	0.0479
661	0.71125	0.04665
664	0.7114	0.04655
667	0.7108	0.04825
670	0.70905	0.10375
673	0.7075	0.0595
676	0.7073	0.05235
679	0.70385	0.048
682	0.70485	0.0498
685	0.7049	0.0448
688	0.7052	0.0433
691	0.7033	0.04215
694	0.7013	0.1093
697	0.703	0.05255
700	0.7038	0.04725
703	0.70375	0.0398
706	0.7028	0.03685
709	0.7052	0.038
712	0.7055	0.0374
715	0.7042	0.0366
718	0.70355	0.0258
721	0.70605	0.0813
724	0.70595	0.0304
727	0.706	0.0255
730	0.7076	0.02175
733	0.70755	0.0158
736	0.7068	0.01525
739	0.707	0.0106
742	0.7073	0.00785
745	0.70655	0.0578
748	0.7066	0.01205
751	0.7072	0.0087
754	0.70715	0.0057
757	0.70735	0.0066
760	0.70765	0.0064
763	0.70775	0.00705
766	0.7079	0.0064
769	0.71035	0.0649
772	0.7097	0.00935
775	0.7098	0.00785
778	0.70975	0.0084
781	0.70975	0.00735
784	0.7091	0.0083
787	0.7082	0.0128
790	0.70825	0.0166
793	0.70815	0.01745
796	0.70475	0.0666
799	0.70445	0.0295
802	0.7024	0.0309
805	0.7026	0.03255
808	0.7029	0.0291
811	0.7037	0.028
814	0.70325	0.02965
817	0.7053	0.0267
820	0.7066	0.0764
823	0.70635	0.0203
826	0.70815	0.01885
829	0.7086	0.01605
832	0.70975	0.01095
835	0.71095	0.0094
838	0.711	0.0081
841	0.7115	0.00935
844	0.712	0.05935
847	0.71195	0.0143
850	0.71235	0.01155
853	0.71245	0.0095
856	0.7123	0.009
859	0.7114	0.00725
862	0.712	0.00915
865	0.71215	0.0118
868	0.71235	0.00935
871	0.71135	0.0481
874	0.712	0.0113
877	0.7109	0.0098
880	0.7103	0.04785
883	0.7108	0.0088
886	0.71065	0.0093
889	0.71005	0.009
892	0.7103	0.0107
895	0.7112	0.00865
898	0.71195	0.0079
901	0.71165	0.0079
904	0.71085	0.0495
907	0.711	0.0094
910	0.7112	0.01105
913	0.711	0.00765
916	0.71125	0.00785
919	0.71195	0.00595
922	0.71285	0.00395
925	0.7129	0.00295
928	0.71295	0.0021
931	0.7093	0.0419
934	0.7093	0.00675
937	0.7096	0.0069
940	0.7092	0.0086
943	0.70975	0.00885
946	0.71	0.0082
949	0.71055	0.0068
952	0.7107	0.0063
955	0.7108	0.0463
958	0.7106	0.0111
961	0.71105	0.0105
964	0.71095	0.0092
967	0.7109	0.00615
970	0.7103	0.00745
973	0.70935	0.0085
976	0.7092	0.00935
979	0.7071	0.05505
982	0.70785	0.01445
985	0.70765	0.0148
988	0.7087	0.011
991	0.7089	0.00925
994	0.70955	0.0077
997	0.70895	0.0077
1000	0.7097	0.00845
1003	0.71015	0.0076
1006	0.70815	0.0471
1009	0.7083	0.00735
1012	0.70705	0.0514
1015	0.70685	0.01245
1018	0.7071	0.0127
1021	0.7073	0.01225
1024	0.7074	0.00935
1027	0.7062	0.00935
1030	0.70695	0.00825
1033	0.7065	0.00935
1036	0.7074	0.04995
1039	0.7074	0.01165
1042	0.70745	0.01425
1045	0.70735	0.01425
1048	0.70735	0.01475
1051	0.7069	0.0123
1054	0.7069	0.00995
1057	0.707	0.0096
1060	0.70595	0.0595
1063	0.70605	0.0143
1066	0.7051	0.011
1069	0.7061	0.009
1072	0.70635	0.0118
1075	0.70625	0.00755
1078	0.70635	0.0077
1081	0.7059	0.00725
1084	0.70625	0.0077
1087	0.7061	0.0543
1090	0.70575	0.01485
1093	0.7062	0.01185
1096	0.70705	0.0113
1099	0.7066	0.01205
1102	0.706	0.0115
1105	0.7057	0.01135
1108	0.7056	0.0107
1111	0.70575	0.05725
1114	0.70605	0.0157
1117	0.70635	0.0132
1120	0.70645	0.01255
1123	0.7073	0.0127
1126	0.70635	0.0131
1129	0.70495	0.01705
1132	0.70615	0.0208
1135	0.7055	0.06565
1138	0.705	0.0235
1141	0.70525	0.01995
1144	0.7049	0.01695
1147	0.7034	0.0169
1150	0.70495	0.01585
1153	0.70525	0.01615
1156	0.7053	0.0148
1159	0.70495	0.0158
1162	0.7063	0.0588
1165	0.70625	0.0198
1168	0.7063	0.01905
1171	0.70735	0.0173
1174	0.707	0.01545
1177	0.7069	0.01375
1180	0.70715	0.01255
1183	0.70665	0.0138
1186	0.70615	0.0618
1189	0.70635	0.0192
1192	0.7061	0.01525
1195	0.70605	0.01485
1198	0.70595	0.01275
1201	0.7065	0.0084
1204	0.7069	0.0063
1207	0.70655	0.0052
1210	0.70615	0.0557
1213	0.70535	0.0117
1216	0.70615	0.0101
1219	0.70645	0.0064
1222	0.70755	0.00705
1225	0.7073	0.00815
1228	0.7078	0.0103
1231	0.7077	0.0108
1234	0.7071	0.012
1237	0.7046	0.0488
1240	0.70435	0.01505
1243	0.70395	0.0143
1246	0.70505	0.0135
1249	0.70485	0.0116
1252	0.70475	0.00895
1255	0.70535	0.0094
1258	0.7055	0.00905
1261	0.70575	0.0566
1264	0.70555	0.01145
1267	0.7053	0.0125
1270	0.7058	0.00965
1273	0.70585	0.0093
1276	0.7069	0.0105
1279	0.70725	0.01335
1282	0.7076	0.012
1285	0.7068	0.05485
1288	0.70675	0.0163
1291	0.7071	0.01465
1294	0.70755	0.01395
1297	0.70655	0.01665
1300	0.70665	0.01385
1303	0.7073	0.01295
1306	0.7076	0.01075
1309	0.7077	0.01045
1312	0.7057	0.05385
1315	0.70595	0.01455
1318	0.70665	0.0118
1321	0.70615	0.00965
1324	0.70685	0.0083
1327	0.7074	0.00625
1330	0.7072	0.0071
1333	0.70715	0.00665
1336	0.706	0.0589
1339	0.707	0.01545
1342	0.70685	0.0145
1345	0.7071	0.01225
1348	0.70645	0.0133
1351	0.7065	0.01285
1354	0.70625	0.0166
1357	0.7065	0.01695
1360	0.7055	0.07355
1363	0.70475	0.02455
1366	0.70505	0.0242
1369	0.7044	0.01885
1372	0.70485	0.02085
1375	0.70495	0.01585
1378	0.70505	0.01355
1381	0.70565	0.01295
1384	0.7052	0.0108
1387	0.7081	0.0588
1390	0.70845	0.0181
1393	0.7085	0.0116
1396	0.7075	0.0142
1399	0.70795	0.0113
1402	0.70785	0.00935
1405	0.70835	0.00955
1408	0.70865	0.0105
1411	0.70755	0.0566
1414	0.7073	0.0196
1417	0.7077	0.01975
1420	0.7084	0.0217
1423	0.70705	0.02505
1426	0.709	0.03535
1429	0.70835	0.04575
1432	0.7095	0.0548
1435	0.7092	0.09985
1438	0.71025	0.07335
1441	0.70975	0.08225
1444	0.70875	0.0963
1447	0.7117	0.105
1450	0.71215	0.1097
1453	0.71335	0.11335
1456	0.71285	0.124
1459	0.7122	0.1305
1462	0.71555	0.15645
1465	0.71505	0.1516
1468	0.7163	0.1854
1471	0.7194	0.19865
1474	0.71925	0.2136
1477	0.71715	0.2194
1480	0.71755	0.2201
1483	0.719	0.23425
1486	0.72245	0.24895
1489	0.7228	0.2488
1492	0.7268	0.2672
1495	0.73	0.27225
1498	0.7268	0.2797
1501	0.7271	0.2817
1504	0.7265	0.2851
1507	0.7277	0.28825
1510	0.7324	0.29595
1513	0.7344	0.28525
1516	0.73375	0.30945
1519	0.73665	0.29695
1522	0.7326	0.31035
1525	0.7373	0.30195
1528	0.7374	0.30025
1531	0.73535	0.3039
1534	0.7362	0.30515
1537	0.7348	0.31435
1540	0.73285	0.31755
1543	0.7351	0.3247
1546	0.73985	0.33595
1549	0.7392	0.37205
1552	0.74305	0.346
1555	0.74485	0.3441
1558	0.74635	0.3466
1561	0.7473	0.34565
1564	0.7449	0.3453
1567	0.73975	0.3476
1570	0.74435	0.35865
1573	0.7466	0.36735
1576	0.74575	0.374
1579	0.7493	0.3775
1582	0.74985	0.3852
1585	0.74945	0.386
1588	0.7479	0.3806
1591	0.74595	0.3863
1594	0.7417	0.3906
1597	0.7359	0.3976
1600	0.73305	0.4028
1603	0.735	0.41425
1606	0.7373	0.41965
1609	0.73875	0.42085
1612	0.7417	0.42365
1615	0.74335	0.4119
1618	0.7414	0.39585
1621	0.74005	0.3977
1624	0.748	0.3899
1627	0.7454	0.3799
1630	0.74225	0.3816
1633	0.7422	0.38
1636	0.74205	0.38625
1639	0.74225	0.37525
1642	0.74205	0.37145
1645	0.74205	0.36475
1648	0.7406	0.35245
1651	0.74	0.34565
1654	0.7366	0.34565
1657	0.7304	0.3504
1660	0.73185	0.3532
1663	0.7328	0.342
1666	0.73355	0.3477
1669	0.7373	0.35255
1672	0.74225	0.35635
1675	0.7374	0.35245
1678	0.7325	0.3515
1681	0.72675	0.35725
1684	0.7239	0.35605
1687	0.72165	0.3557
1690	0.7208	0.35085
1693	0.7261	0.3627
1696	0.71925	0.3464
1699	0.7205	0.34155
1702	0.7219	0.33815
1705	0.72105	0.3393
1708	0.7219	0.3312
1711	0.716	0.3286
1714	0.71315	0.3301
1717	0.7127	0.3248
1720	0.7175	0.31535
1723	0.72225	0.3146
1726	0.73135	0.3158
1729	0.73435	0.3126
1732	0.7278	0.34665
1735	0.69815	0.3714
1738	0.6946	0.33865
1741	0.6899	0.3496
1744	0.67625	0.343
1747	0.63705	0.36705
1750	0.6315	0.32045
1753	0.6029	0.3413
1756	0.58655	0.3237
1759	0.5724	0.3141
1762	0.55245	0.3132
1765	0.54385	0.3113
1768	0.55875	0.3036
1771	0.5771	0.30825
1774	0.5919	0.3104
1777	0.6141	0.2997
1780	0.6264	0.2862
1783	0.6239	0.26945
1786	0.6188	0.26635
1789	0.61415	0.24175
1792	0.60355	0.2299
1795	0.59705	0.22245
1798	0.59745	0.22575
1801	0.6021	0.24445
1804	0.608	0.25415
1807	0.605	0.258
1810	0.60625	0.281
1813	0.60605	0.25555
1816	0.60195	0.25465
1819	0.59385	0.26265
1822	0.58305	0.2576
1825	0.558	0.25565
1828	0.5322	0.25945
1831	0.5293	0.26015
1834	0.52215	0.2508
1837	0.5036	0.2411
1840	0.50115	0.22475
1843	0.5019	0.21245
1846	0.51285	0.19
1849	0.519	0.17305
1852	0.52405	0.159
1855	0.5158	0.1592
1858	0.501	0.1675
1861	0.50495	0.17815
1864	0.4932	0.1639
1867	0.487	0.1644
1870	0.49505	0.17985
1873	0.50755	0.18525
1876	0.5226	0.1869
1879	0.53255	0.1951
1882	0.52545	0.21785
1885	0.51035	0.23855
1888	0.51365	0.23345
1891	0.5209	0.25055
1894	0.52715	0.254
1897	0.51025	0.28195
1900	0.514	0.30505
1903	0.5505	0.3283
1906	0.595	0.3545
1909	0.6203	0.34595
1912	0.63245	0.3412
1915	0.654	0.3235
1918	0.6748	0.3078
1921	0.6889	0.2914
1924	0.6651	0.30105
1927	0.64075	0.2529
1930	0.61245	0.23715
1933	0.52815	0.2426
1936	0.4708	0.21335
1939	0.4449	0.18265
1942	0.43415	0.1665
1945	0.4265	0.14675
1948	0.4171	0.1348
1951	0.3955	0.1123
1954	0.3804	0.0974
1957	0.3672	0.07485
1960	0.3683	0.082
1963	0.3649	0.0539
1966	0.3566	0.0452
1969	0.34475	0.03375
1972	0.32815	0.0233
1975	0.31345	0.0109
1978	0.3029	0.00685
1981	0.29645	0.0066
1984	0.28155	0.00695
1987	0.25035	0.01585
1990	0.2485	0.00885
1993	0.24715	0.0084
1996	0.24275	0.0092
1999	0.22965	0.01025
2002	0.23755	0.0377
2005	0.258	0.06385
2008	0.2832	0.099
2011	0.31905	0.1331
2014	0.3968	0.1633
2017	0.4663	0.1775
2020	0.50845	0.19755
2023	0.5454	0.2267
2026	0.6001	0.26505
2029	0.64145	0.2727
2032	0.6518	0.2642
2035	0.66485	0.2727
2038	0.6661	0.2623
2041	0.6407	0.2568
2044	0.567	0.21875
2047	0.50735	0.19475
2050	0.4734	0.17815
2053	0.4395	0.15775
2056	0.402	0.14265
2059	0.3645	0.11645
2062	0.3228	0.10435
2065	0.3129	0.0815
2068	0.30825	0.06275
2071	0.30535	0.0548
2074	0.29595	0.0431
2077	0.27955	0.0287
2080	0.25785	0.0222
2083	0.24385	0.01275
2086	0.23635	0.0162
2089	0.23445	0.0096
2092	0.23535	0.0073
2095	0.2353	0.00865
2098	0.2392	0.00945
2101	0.2508	0.02135
2104	0.26525	0.033
2107	0.28395	0.0459
2110	0.3125	0.0688
2113	0.3732	0.06815
2116	0.4745	0.08045
2119	0.57625	0.08605
2122	0.64975	0.0963
2125	0.6983	0.1089
2128	0.7358	0.12985
2131	0.75195	0.13275
2134	0.76405	0.1456
2137	0.7706	0.1484
2140	0.77015	0.14815
2143	0.7662	0.15485
2146	0.76725	0.1572
2149	0.7687	0.1611
2152	0.7581	0.1736
2155	0.72395	0.18755
2158	0.67695	0.2031
2161	0.63805	0.20465
2164	0.6284	0.18955
2167	0.62385	0.1758
2170	0.6173	0.1599
2173	0.6138	0.1436
2176	0.57105	0.1485
2179	0.49355	0.1273
2182	0.4304	0.0975
2185	0.34065	0.1116
2188	0.3209	0.0661
2191	0.3067	0.0578
2194	0.289	0.0462
2197	0.27365	0.0368
2200	0.26155	0.02755
2203	0.25455	0.01905
2206	0.2491	0.01555
2209	0.24355	0.0118
2212	0.2259	0.0145
2215	0.22485	0.0053
2218	0.2244	0.00435
2221	0.22555	0.00355
2224	0.22345	0.0046
2227	0.2218	0.00375
2230	0.22135	0.00515
2233	0.2213	0.00435
2236	0.2209	0.01
2239	0.22215	0.00525
2242	0.22285	0.0063
2245	0.2237	0.00575
2248	0.2243	0.006
2251	0.22595	0.00615
2254	0.2263	0.0083
2257	0.2253	0.0078
2260	0.2254	0.01475
2263	0.22545	0.0084
2266	0.2324	0.0183
2269	0.248	0.041
2272	0.26735	0.06585
2275	0.2941	0.0864
2278	0.31845	0.10135
2281	0.3344	0.10935
2284	0.3445	0.11255
2287	0.3412	0.12535
2290	0.3478	0.11395
2293	0.34375	0.1116
2296	0.32835	0.10715
2299	0.3243	0.1157
2302	0.32265	0.1234
2305	0.3197	0.12695
2308	0.3156	0.11755
2311	0.30325	0.12615
2314	0.3049	0.1158
2317	0.30505	0.10765
2320	0.2969	0.0962
2323	0.29345	0.0869
2326	0.29155	0.0778
2329	0.27925	0.0697
2332	0.2588	0.05975
2335	0.2359	0.05975
2338	0.23195	0.04215
2341	0.22955	0.03855
2344	0.22565	0.03195
2347	0.2209	0.0277
2350	0.22435	0.0319
2353	0.2307	0.0374
2356	0.24165	0.03515
2359	0.24985	0.0297
2362	0.25175	0.0306
2365	0.2444	0.0247
2368	0.23545	0.0234
2371	0.22665	0.02225
2374	0.2206	0.02165
2377	0.21705	0.02025
2380	0.21395	0.0184
2383	0.2147	0.029
2386	0.2198	0.06485
2389	0.2637	0.0822
2392	0.33585	0.0994
2395	0.4173	0.09835
2398	0.46665	0.093
2401	0.4872	0.08735
2404	0.4954	0.0874
2407	0.49975	0.0813
2410	0.44215	0.0957
2413	0.4081	0.0722
2416	0.35985	0.0535
2419	0.3073	0.0454
2422	0.26785	0.03215
2425	0.242	0.0213
2428	0.22605	0.01335
2431	0.21855	0.0076
2434	0.225	0.0331
2437	0.23495	0.0679
2440	0.2628	0.07255
2443	0.28465	0.07125
2446	0.29085	0.06835
2449	0.28235	0.0657
2452	0.25745	0.0617
2455	0.2401	0.05735
2458	0.23825	0.0572
2461	0.2304	0.0594
2464	0.2241	0.0427
2467	0.2214	0.03675
2470	0.22255	0.0287
2473	0.21625	0.02075
2476	0.2114	0.02415
2479	0.2159	0.03255
2482	0.233	0.0299
2485	0.24345	0.0381
2488	0.24655	0.02825
2491	0.2403	0.02615
2494	0.23415	0.02505
2497	0.2276	0.0236
2500	0.2208	0.0231
2503	0.22055	0.02215
2506	0.21795	0.0231
2509	0.22485	0.0399
2512	0.23205	0.06865
2515	0.2618	0.0905
2518	0.28935	0.1036
2521	0.32815	0.10265
2524	0.3777	0.1042
2527	0.40915	0.10345
2530	0.41905	0.09845
2533	0.4231	0.0958
2536	0.41375	0.10205
2539	0.40045	0.0921
2542	0.35975	0.09225
2545	0.327	0.0922
2548	0.278	0.08405
2551	0.26485	0.0706
2554	0.26	0.05775
2557	0.253	0.04475
2560	0.2197	0.04515
2563	0.20855	0.0254
2566	0.2007	0.01535
2569	0.19715	0.00605
2572	0.19515	0.0023
2575	0.195	0.0011
2578	0.1946	0.00095
2581	0.1951	0.0007
2584	0.19475	0.00095
2587	0.1932	0.00865
2590	0.19365	0.0011
2593	0.19355	0.00145
2596	0.19335	0.00135
2599	0.1929	0.00155
2602	0.19255	0.00065
2605	0.192	0.00105
2608	0.19145	0.00035
2611	0.1915	0.0065
2614	0.1921	0.00165
2617	0.1914	0.00175
2620	0.19095	0.00165
2623	0.19245	0.0036
2626	0.2114	0.02665
2629	0.2334	0.05405
2632	0.25235	0.0684
2635	0.25715	0.07775
2638	0.26725	0.092
2641	0.2915	0.11045
2644	0.32445	0.15555
2647	0.37565	0.18765
2650	0.4245	0.21165
2653	0.4866	0.21895
2656	0.5248	0.21735
2659	0.5445	0.214
2662	0.55185	0.2157
2665	0.53935	0.19655
2668	0.53135	0.1967
2671	0.53435	0.18975
2674	0.52565	0.1862
2677	0.49505	0.18465
2680	0.44865	0.17745
2683	0.4143	0.15305
2686	0.37195	0.16225
2689	0.3766	0.1255
2692	0.39045	0.10585
2695	0.39795	0.0959
2698	0.3922	0.08755
2701	0.3768	0.0752
2704	0.3617	0.06245
2707	0.352	0.0499
2710	0.3484	0.04725
2713	0.3516	0.04
2716	0.35015	0.0384
2719	0.34525	0.0415
2722	0.324	0.0381
2725	0.31265	0.03935
2728	0.3099	0.04915
2731	0.3115	0.0605
2734	0.3147	0.0753
2737	0.29245	0.0872
2740	0.2959	0.08075
2743	0.2982	0.07725
2746	0.30245	0.078
2749	0.3119	0.0847
2752	0.31615	0.0873
2755	0.32065	0.08545
2758	0.3233	0.0852
2761	0.3101	0.08935
2764	0.30725	0.07865
2767	0.30125	0.0768
2770	0.29715	0.0666
2773	0.2931	0.06485
2776	0.2876	0.068
2779	0.2823	0.06535
2782	0.2785	0.05965
2785	0.2652	0.07175
2788	0.26385	0.0552
2791	0.2628	0.0512
2794	0.26085	0.04845
2797	0.25735	0.0458
2800	0.25545	0.04085
2803	0.25425	0.03975
2806	0.2543	0.03405
2809	0.2538	0.02705
2812	0.2524	0.04015
2815	0.25255	0.02115
2818	0.25205	0.01805
2821	0.25275	0.01215
2824	0.25165	0.01345
2827	0.24985	0.01025
2830	0.24825	0.0162
2833	0.2472	0.0177
2836	0.25015	0.0359
2839	0.2516	0.0136
2842	0.2516	0.0123
2845	0.2505	0.0117
2848	0.2491	0.01195
2851	0.2509	0.01175
2854	0.25045	0.0115
2857	0.24885	0.01225
2860	0.24655	0.03805
2863	0.24635	0.0131
2866	0.24745	0.01475
2869	0.2497	0.02035
2872	0.25105	0.0181
2875	0.25115	0.0174
2878	0.25485	0.0187
2881	0.26825	0.02815
2884	0.2769	0.03515
2887	0.28485	0.0662
2890	0.28655	0.0429
2893	0.2875	0.04145
2896	0.2835	0.03625
2899	0.278	0.03215
2902	0.2743	0.02945
2905	0.27175	0.0267
2908	0.2706	0.02625
2911	0.26665	0.05335
2914	0.26705	0.0249
2917	0.26615	0.0241
2920	0.26475	0.02585
2923	0.26595	0.0244
2926	0.2641	0.0245
2929	0.265	0.02475
2932	0.26695	0.02705
2935	0.2643	0.05505
2938	0.2617	0.02845
2941	0.2652	0.02895
2944	0.2703	0.0298
2947	0.27985	0.0392
2950	0.29335	0.04465
2953	0.30505	0.0508
2956	0.3282	0.05445
2959	0.40365	0.0572
2962	0.47275	0.0984
2965	0.53865	0.05945
2968	0.60155	0.06715
2971	0.6306	0.06555
2974	0.67355	0.0705
2977	0.6885	0.0712
2980	0.69665	0.07455
2983	0.7181	0.0751
2986	0.73805	0.1329
2989	0.73965	0.09855
2992	0.7477	0.106
2995	0.7505	0.11985
2998	0.7529	0.13085
3001	0.7557	0.1314
3004	0.75735	0.13505
3007	0.756	0.1478
3010	0.75595	0.17305
3013	0.7501	0.14725
3016	0.75025	0.1541
3019	0.7515	0.16145
3022	0.75135	0.1534
3025	0.75405	0.14555
3028	0.75515	0.1405
3031	0.7572	0.1321
3034	0.7588	0.129
3037	0.76055	0.15725
3040	0.7635	0.1373
3043	0.76185	0.1259
3046	0.7652	0.1099
3049	0.76415	0.0956
3052	0.76375	0.08545
3055	0.76415	0.0841
3058	0.76155	0.0888
3061	0.76395	0.1304
3064	0.75815	0.0949
3067	0.75565	0.10345
3070	0.7544	0.1123
3073	0.7555	0.11455
3076	0.75155	0.11055
3079	0.7504	0.11275
3082	0.74945	0.11835
3085	0.7513	0.1699
3088	0.75235	0.12135
3091	0.75085	0.1253
3094	0.75125	0.1212
3097	0.7504	0.10875
3100	0.7514	0.0977
3103	0.75105	0.08895
3106	0.75165	0.08295
3109	0.7515	0.0752
3112	0.7488	0.1148
3115	0.74905	0.0667
3118	0.74675	0.05865
3121	0.7476	0.05515
3124	0.74615	0.0553
3127	0.7463	0.0584
3130	0.7454	0.0584
3133	0.7438	0.05695
3136	0.7449	0.09995
3139	0.7449	0.0526
3142	0.7431	0.0488
3145	0.7436	0.0446
3148	0.7444	0.04545
3151	0.74435	0.04145
3154	0.74535	0.03885
3157	0.7443	0.03815
3160	0.74435	0.09985
3163	0.74375	0.04495
3166	0.744	0.03995
3169	0.74385	0.03625
3172	0.743	0.03015
3175	0.74225	0.0355
3178	0.7399	0.0389
3181	0.739	0.0447
3184	0.73695	0.04985
3187	0.7365	0.1057
3190	0.73295	0.05895
3193	0.7307	0.05395
3196	0.73135	0.04935
3199	0.7318	0.04355
3202	0.73135	0.03735
3205	0.73075	0.0348
3208	0.7304	0.0321
3211	0.73005	0.08705
3214	0.7307	0.0336
3217	0.7297	0.0242
3220	0.72855	0.0228
3223	0.7275	0.01965
3226	0.7262	0.0189
3229	0.7261	0.0215
3232	0.72615	0.0211
3235	0.72735	0.08305
3238	0.72695	0.0217
3241	0.72635	0.01585
3244	0.72655	0.0141
3247	0.7269	0.01465
3250	0.7251	0.0128
3253	0.72585	0.0128
3256	0.72545	0.01225
3259	0.72545	0.00965
3262	0.72555	0.06325
3265	0.7257	0.0123
3268	0.72565	0.0114
3271	0.72455	0.00895
3274	0.72435	0.01035
3277	0.72445	0.0099
3280	0.7243	0.0073
3283	0.72545	0.00905
3286	0.72925	0.06605
3289	0.729	0.01115
3292	0.72905	0.0105
3295	0.7292	0.00895
3298	0.72895	0.00915
3301	0.7292	0.00945
3304	0.72945	0.0087
3307	0.7298	0.00715
3310	0.7276	0.05785
3313	0.7272	0.0174
3316	0.7274	0.01605
3319	0.7275	0.015
3322	0.72655	0.01725
3325	0.7267	0.0143
3328	0.7264	0.01675
3331	0.72815	0.01625
3334	0.72725	0.01855
3337	0.72845	0.06035
3340	0.72795	0.02515
3343	0.7283	0.021
3346	0.72795	0.0194
3349	0.7272	0.01915
3352	0.72665	0.01725
3355	0.7264	0.0187
3358	0.726	0.01795
3361	0.72725	0.0602
3364	0.72665	0.02335
3367	0.72705	0.0214
3370	0.7265	0.0165
3373	0.72795	0.01365
3376	0.7284	0.0108
3379	0.728	0.00735
3382	0.72805	0.00725
3385	0.7292	0.0566
3388	0.7287	0.01375
3391	0.7299	0.0106
3394	0.72935	0.0102
3397	0.72885	0.00865
3400	0.72955	0.0057
3403	0.7299	0.007
3406	0.72915	0.0057
3409	0.7292	0.00585
3412	0.72905	0.0491
3415	0.7286	0.0109
3418	0.7288	0.0081
3421	0.72835	0.01
3424	0.72825	0.00515
3427	0.7288	0.00515
3430	0.7288	0.00375
3433	0.7297	0.0043
3436	0.73475	0.05505
3439	0.73495	0.0087
3442	0.7338	0.00815
3445	0.7345	0.00455
3448	0.7344	0.00465
3451	0.7344	0.0037
3454	0.7346	0.00455
3457	0.73435	0.0052
3460	0.7337	0.04995
3463	0.73365	0.01305
3466	0.7342	0.01175
3469	0.7334	0.00865
3472	0.73245	0.00805
3475	0.73265	0.0051
3478	0.73275	0.0032
3481	0.7331	0.0039
3484	0.73285	0.00275
3487	0.7342	0.04235
3490	0.734	0.008
3493	0.7338	0.0055
3496	0.73375	0.0052
3499	0.73345	0.0022
3502	0.7335	0.00385
3505	0.7332	0.0033
3508	0.73325	0.00355
3511	0.7334	0.0411
3514	0.7338	0.00695
3517	0.7336	0.00335
3520	0.73415	0.003
3523	0.734	0.0024
3526	0.73355	0.0014
3529	0.7335	0.00105
3532	0.73345	0.0008
3535	0.73425	0.04185
3538	0.73445	0.0051
3541	0.73435	0.00505
3544	0.73325	0.00425
3547	0.73305	0.00545
3550	0.73315	0.0061
3553	0.73305	0.0052
3556	0.7328	0.00585
3559	0.7332	0.00585
3562	0.73295	0.03525
3565	0.73285	0.0067
3568	0.7331	0.0064
3571	0.73425	0.0408
3574	0.73395	0.00745
3577	0.7337	0.00625
3580	0.73385	0.0054
3583	0.7341	0.00645
3586	0.73345	0.00685
3589	0.73375	0.0057
3592	0.73325	0.00635
3595	0.7317	0.04505
3598	0.73175	0.00995
3601	0.73195	0.00745
3604	0.7323	0.0041
3607	0.73225	0.0048
3610	0.7323	0.00315
3613	0.7328	0.00455
3616	0.73325	0.0055
3619	0.7346	0.04615
3622	0.7341	0.01565
3625	0.73445	0.01475
3628	0.73405	0.01055
3631	0.7331	0.00795
3634	0.733	0.0083
3637	0.7322	0.0072
3640	0.73155	0.00745
3643	0.73205	0.00735
3646	0.7327	0.0434
3649	0.73225	0.01255
3652	0.733	0.00845
3655	0.733	0.00725
3658	0.73345	0.00615
3661	0.73225	0.00505
3664	0.733	0.00395
3667	0.7327	0.00515
3670	0.7344	0.04195
3673	0.7336	0.0121
3676	0.73295	0.0123
3679	0.7328	0.01115
3682	0.73295	0.0149
3685	0.733	0.01125
3688	0.73275	0.00765
3691	0.732	0.00445
3694	0.73415	0.0425
3697	0.7335	0.02025
3700	0.73265	0.02705
3703	0.73355	0.0293
3706	0.73315	0.03325
3709	0.7323	0.03245
3712	0.73155	0.0307
3715	0.73225	0.0285
3718	0.73035	0.02915
3721	0.7313	0.05805
3724	0.7289	0.03035
3727	0.7309	0.0287
3730	0.7308	0.0268
3733	0.73025	0.0278
3736	0.7293	0.02725
3739	0.72985	0.0248
3742	0.7291	0.02485
3745	0.72995	0.0541
3748	0.7302	0.0246
3751	0.72965	0.02205
3754	0.7291	0.01915
3757	0.7299	0.01605
3760	0.7298	0.00635
3763	0.72815	0.0069
3766	0.72605	0.00815
3769	0.72895	0.0491
3772	0.7284	0.01625
3775	0.72895	0.01875
3778	0.72895	0.01785
3781	0.73075	0.02165
3784	0.7307	0.01945
3787	0.7302	0.01935
3790	0.73055	0.01745
3793	0.73015	0.0179
3796	0.72855	0.06715
3799	0.72725	0.03425
3802	0.72715	0.0367
3805	0.7263	0.0375
3808	0.72755	0.0398
3811	0.7273	0.0376
3814	0.7264	0.03345
3817	0.72735	0.03065
3820	0.73265	0.0829
3823	0.7328	0.01925
3826	0.73315	0.0106
3829	0.7338	0.00755
3832	0.73445	0.0058
3835	0.73375	0.0076
3838	0.73275	0.0057
3841	0.73245	0.0066
3844	0.73285	0.0544
3847	0.73275	0.0157
3850	0.73225	0.01175
3853	0.73255	0.0096
3856	0.7321	0.00915
3859	0.73175	0.0095
3862	0.733	0.00855
3865	0.73315	0.0119
3868	0.73285	0.01195
3871	0.7331	0.0531
3874	0.73375	0.0156
3877	0.73465	0.01155
3880	0.73555	0.0132
3883	0.73475	0.01315
3886	0.7338	0.0088
3889	0.7345	0.00925
3892	0.73425	0.01275
3895	0.7348	0.05675
3898	0.7349	0.02535
3901	0.733	0.02725
3904	0.7349	0.0215
3907	0.7344	0.0187
3910	0.73455	0.014
3913	0.73455	0.01265
3916	0.7348	0.0117
3919	0.73275	0.05225
3922	0.73375	0.0172
3925	0.73335	0.01265
3928	0.73355	0.01165
3931	0.7327	0.01045
3934	0.7335	0.0097
3937	0.7337	0.00685
3940	0.73365	0.0089
3943	0.7332	0.0089
3946	0.73475	0.0412
3949	0.73575	0.008
3952	0.73475	0.0065
3955	0.73545	0.00545
3958	0.7349	0.0084
3961	0.73405	0.00925
3964	0.733	0.0091
3967	0.7339	0.0063
3970	0.7358	0.04975
3973	0.73535	0.01165
3976	0.7361	0.00855
3979	0.73645	0.0086
3982	0.73475	0.01235
3985	0.73245	0.01255
3988	0.73465	0.00915
3991	0.73575	0.006
3994	0.7357	0.04705
3997	0.73505	0.00775
4000	0.73495	0.0066
4003	0.73485	0.0044
4006	0.7351	0.00515
4009	0.73555	0.0035
4012	0.7351	0.0029
4015	0.7349	0.0045
4018	0.73495	0.00825
4021	0.73645	0.04985
4024	0.73605	0.0152
4027	0.7364	0.0147
4030	0.735	0.01245
4033	0.7345	0.0125
4036	0.7344	0.01345
4039	0.73445	0.01055
4042	0.7352	0.00945
4045	0.7344	0.0476
4048	0.7342	0.0085
4051	0.73395	0.0054
4054	0.7337	0.0034
4057	0.7339	0.0028
4060	0.73415	0.0037
4063	0.7336	0.0064
4066	0.7339	0.0071
4069	0.7342	0.05825
4072	0.73385	0.0112
4075	0.73425	0.00865
4078	0.73425	0.0053
4081	0.7335	0.00525
4084	0.73435	0.0068
4087	0.73515	0.00895
4090	0.73405	0.00815
4093	0.73415	0.00795
4096	0.7352	0.0507
4099	0.736	0.01515
4102	0.7342	0.0113
4105	0.73485	0.01005
4108	0.73465	0.00965
4111	0.73425	0.00685
4114	0.7331	0.00775
4117	0.73335	0.00905
4120	0.73215	0.04845
4123	0.732	0.01205
4126	0.7326	0.0121
4129	0.7314	0.01755
4132	0.73085	0.0222
4135	0.73005	0.02855
4138	0.73035	0.03655
4141	0.73	0.04
4144	0.7284	0.0903
4147	0.72985	0.05805
4150	0.72915	0.0568
4153	0.7284	0.0604
4156	0.728	0.0622
4159	0.72725	0.0644
4162	0.72675	0.0772
4165	0.72575	0.08155
4168	0.72695	0.0856
4171	0.7263	0.1195
4174	0.72625	0.10435
4177	0.72865	0.0928
4180	0.728	0.1048
4183	0.7345	0.0985
4186	0.7376	0.1084
4189	0.74005	0.11405
4192	0.73975	0.1032
4195	0.741	0.14465
4198	0.73985	0.13305
4201	0.7389	0.16205
4204	0.7361	0.17745
4207	0.73605	0.20035
4210	0.7354	0.2125
4213	0.73595	0.23
4216	0.7382	0.24555
4219	0.74185	0.2621
4222	0.7446	0.24855
4225	0.7466	0.2648
4228	0.7509	0.26355
4231	0.7581	0.2727
4234	0.7584	0.2911
4237	0.7597	0.29715
4240	0.7579	0.3184
4243	0.7595	0.3389
4246	0.7604	0.32285
4249	0.75385	0.34955
4252	0.747	0.353
4255	0.7436	0.3744
4258	0.74075	0.3682
4261	0.74575	0.38855
4264	0.74595	0.37715
4267	0.74915	0.38135
4270	0.7471	0.3772
4273	0.7515	0.3835
4276	0.7487	0.3851
4279	0.7551	0.39455
4282	0.75775	0.3984
4285	0.76455	0.39725
4288	0.7639	0.3998
4291	0.7669	0.39
4294	0.76115	0.403
4297	0.75825	0.38225
4300	0.75015	0.3826
4303	0.74935	0.38725
4306	0.7437	0.38285
4309	0.7442	0.37995
4312	0.749	0.37335
4315	0.7462	0.3695
4318	0.73935	0.38305
4321	0.7393	0.37955
4324	0.735	0.3773
4327	0.73475	0.38195
4330	0.7377	0.366
4333	0.73445	0.3705
4336	0.7328	0.3663
4339	0.73045	0.3649
4342	0.7236	0.3589
4345	0.72095	0.36505
4348	0.71785	0.3656
4351	0.71735	0.36035
4354	0.71825	0.3548
4357	0.71855	0.3544
4360	0.7249	0.34735
4363	0.73165	0.34
4366	0.736	0.3475
4369	0.73605	0.3517
4372	0.74125	0.3443
4375	0.74095	0.34435
4378	0.7366	0.3579
4381	0.7435	0.3527
4384	0.74295	0.3583
4387	0.7446	0.3567
4390	0.7443	0.3619
4393	0.7341	0.3799
4396	0.73315	0.36665
4399	0.72985	0.359
4402	0.72255	0.35115
4405	0.7135	0.3399
4408	0.69475	0.3496
4411	0.68395	0.3349
4414	0.6894	0.3359
4417	0.70885	0.3316
4420	0.7259	0.34165
4423	0.72915	0.336
4426	0.7164	0.3429
4429	0.7083	0.3537
4432	0.7094	0.35405
4435	0.7058	0.35185
4438	0.6942	0.3493
4441	0.686	0.34695
4444	0.6799	0.3618
4447	0.66785	0.34845
4450	0.65765	0.34895
4453	0.6477	0.3443
4456	0.63635	0.34735
4459	0.62645	0.3432
4462	0.63185	0.34945
4465	0.6341	0.3553
4468	0.6469	0.364
4471	0.64905	0.37645
4474	0.65675	0.3706
4477	0.6558	0.3742
4480	0.65815	0.3795
4483	0.661	0.38095
4486	0.664	0.4014
4489	0.66605	0.3736
4492	0.6772	0.3778
4495	0.68665	0.3754
4498	0.6977	0.37785
4501	0.7067	0.3837
4504	0.72115	0.3872
4507	0.73885	0.38485
4510	0.74585	0.38945
4513	0.75525	0.38665
4516	0.75835	0.3755
4519	0.75705	0.3842
4522	0.75505	0.3689
4525	0.75075	0.36095
4528	0.75445	0.36865
4531	0.7519	0.3584
4534	0.75465	0.3549
4537	0.7537	0.35125
4540	0.7552	0.3384
4543	0.7565	0.3334
4546	0.74935	0.33875
4549	0.74595	0.33465
4552	0.73535	0.33915
4555	0.7311	0.36125
4558	0.7246	0.3898
4561	0.72635	0.3758
4564	0.7251	0.4006
4567	0.7303	0.3858
4570	0.72965	0.3967
4573	0.729	0.3705
4576	0.7176	0.36155
4579	0.7048	0.35135
4582	0.7021	0.3539
4585	0.7046	0.34385
4588	0.70455	0.33735
4591	0.71015	0.34205
4594	0.7172	0.3492
4597	0.7228	0.32465
4600	0.71395	0.32675
4603	0.70945	0.3205
4606	0.7056	0.318
4609	0.70815	0.3104
4612	0.71595	0.30485
4615	0.7213	0.28945
4618	0.72155	0.28195
4621	0.71945	0.27985
4624	0.70665	0.2735
4627	0.6949	0.2585
4630	0.69115	0.26645
4633	0.6809	0.2842
4636	0.6816	0.2872
4639	0.6832	0.28665
4642	0.69365	0.29255
4645	0.69875	0.30805
4648	0.70345	0.3052
4651	0.7063	0.309
4654	0.71395	0.30315
4657	0.72245	0.3028
4660	0.7327	0.2978
4663	0.7369	0.28745
4666	0.7349	0.2818
4669	0.72065	0.2841
4672	0.70825	0.2604
4675	0.69485	0.2743
4678	0.6912	0.25405
4681	0.6684	0.2632
4684	0.65775	0.263
4687	0.64775	0.234
4690	0.6454	0.22925
4693	0.6492	0.22285
4696	0.65295	0.2333
4699	0.65785	0.2321
4702	0.6684	0.2348
4705	0.6739	0.2412
4708	0.67945	0.24955
4711	0.6931	0.2598
4714	0.7061	0.2842
4717	0.7103	0.30555
4720	0.7235	0.3241
4723	0.72275	0.31715
4726	0.726	0.3217
4729	0.73365	0.32995
4732	0.73625	0.31525
4735	0.7395	0.30965
4738	0.7394	0.29565
4741	0.7417	0.27725
4744	0.74115	0.28135
4747	0.71705	0.2773
4750	0.66815	0.26185
4753	0.6043	0.2473
4756	0.55875	0.209
4759	0.4796	0.2134
4762	0.4393	0.1736
4765	0.40815	0.1541
4768	0.3809	0.1362
4771	0.3472	0.12815
4774	0.3361	0.09815
4777	0.32745	0.08225
4780	0.32715	0.06595
4783	0.31915	0.05125
4786	0.30535	0.04
4789	0.28575	0.02935
4792	0.2765	0.01885
4795	0.273	0.01875
4798	0.26935	0.0061
4801	0.26835	0.00105
4804	0.26825	0.0009
4807	0.26885	0.0006
4810	0.26145	0.00135
4813	0.2503	0.001
4816	0.24175	0.0013
4819	0.21895	0.00825
4822	0.21905	0.00125
4825	0.2186	0.0018
4828	0.21885	0.00205
4831	0.21915	0.00155
4834	0.2157	0.01395
4837	0.2161	0.00485
4840	0.2156	0.0037
4843	0.2156	0.005
4846	0.21455	0.00535
4849	0.2134	0.00485
4852	0.21375	0.00495
4855	0.2131	0.0041
4858	0.21175	0.01085
4861	0.2126	0.0053
4864	0.2116	0.005
4867	0.2126	0.0053
4870	0.213	0.0039
4873	0.2127	0.00505
4876	0.2126	0.00505
4879	0.2121	0.00415
4882	0.21195	0.00445
4885	0.21025	0.0082
4888	0.2106	0.00455
4891	0.2105	0.0045
4894	0.2097	0.00515
4897	0.20965	0.00485
4900	0.2104	0.00305
4903	0.2097	0.00325
4906	0.21015	0.0027
4909	0.20965	0.00695
4912	0.20935	0.003
4915	0.2089	0.0046
4918	0.2189	0.03375
4921	0.243	0.0583
4924	0.27475	0.0678
4927	0.30275	0.0921
4930	0.31935	0.10675
4933	0.342	0.1334
4936	0.3881	0.12795
4939	0.47015	0.1326
4942	0.5144	0.11955
4945	0.52585	0.1145
4948	0.5337	0.1086
4951	0.52165	0.09875
4954	0.51105	0.0914
4957	0.4559	0.08635
4960	0.3968	0.08635
4963	0.36465	0.06335
4966	0.30355	0.065
4969	0.2834	0.07135
4972	0.2889	0.1039
4975	0.3127	0.12985
4978	0.33525	0.14385
4981	0.3521	0.14795
4984	0.35515	0.14405
4987	0.3508	0.1335
4990	0.34645	0.1257
4993	0.331	0.12205
4996	0.30835	0.11645
4999	0.2937	0.1067
5002	0.27715	0.0966
5005	0.27135	0.08895
5008	0.26125	0.08635
5011	0.25355	0.06825
5014	0.24715	0.05735
5017	0.24115	0.04025
5020	0.2357	0.03955
5023	0.2331	0.03905
5026	0.2421	0.03645
5029	0.2511	0.03155
5032	0.2595	0.02505
5035	0.24965	0.0291
5038	0.24335	0.02445
5041	0.2357	0.02365
5044	0.23025	0.02305
5047	0.2389	0.03175
5050	0.2514	0.04985
5053	0.26445	0.0656
5056	0.28725	0.07795
5059	0.3224	0.1011
5062	0.37835	0.10215
5065	0.43185	0.10685
5068	0.4572	0.11875
5071	0.49035	0.1393
5074	0.52425	0.15045
5077	0.54785	0.1623
5080	0.5663	0.1645
5083	0.5841	0.17225
5086	0.57205	0.17535
5089	0.5126	0.1813
5092	0.40905	0.17655
5095	0.36045	0.15805
5098	0.33025	0.14775
5101	0.29325	0.13135
5104	0.2535	0.11335
5107	0.22465	0.09005
5110	0.2081	0.08255
5113	0.20695	0.0677
5116	0.2083	0.0597
5119	0.2097	0.0447
5122	0.19635	0.0303
5125	0.17705	0.0203
5128	0.1668	0.00745
5131	0.16555	0.0005
5134	0.16465	0.0085
5137	0.16465	0.00075
5140	0.1655	0.0003
5143	0.1655	0.00025
5146	0.16515	0.0002
5149	0.166	0.00015
5152	0.1662	0.00015
5155	0.16675	5e-05
5158	0.1645	0.00735
5161	0.165	0.0009
5164	0.1649	0.00025
5167	0.16625	0.00095
5170	0.16635	0.00025
5173	0.1661	0.0001
5176	0.16575	5e-05
5179	0.1662	0.00015
5182	0.16595	0.0001
5185	0.16495	0.0046
5188	0.1644	0.00045
5191	0.16455	0.00015
5194	0.16355	0.0045
5197	0.1645	0.0005
5200	0.164	0.0006
5203	0.1644	0.0002
5206	0.16435	0.0002
5209	0.16475	0
5212	0.1645	5e-05
5215	0.1644	0
5218	0.16375	5e-05
5221	0.1655	0.00575
5224	0.16525	0.0009
5227	0.1653	0.00035
5230	0.16605	0.0005
5233	0.1658	5e-05
5236	0.16635	0.0001
5239	0.1655	0.00015
5242	0.16565	5e-05
5245	0.16165	0.0043
5248	0.1616	0.0003
5251	0.16105	0.0002
5254	0.16105	0.00015
5257	0.17245	0.01635
5260	0.1918	0.03515
5263	0.216	0.05455
5266	0.24475	0.0674
5269	0.29885	0.0759
5272	0.32205	0.0682
5275	0.34345	0.06705
5278	0.3597	0.06425
5281	0.3692	0.06065
5284	0.3731	0.05835
5287	0.37585	0.05905
5290	0.3837	0.08245
5293	0.38895	0.10285
5296	0.40435	0.129
5299	0.4419	0.1195
5302	0.49815	0.12025
5305	0.53145	0.10895
5308	0.55955	0.10555
5311	0.57765	0.09805
5314	0.59475	0.0922
5317	0.60745	0.08405
5320	0.6353	0.0907
5323	0.63635	0.0713
5326	0.64145	0.0681
5329	0.6403	0.0718
5332	0.63035	0.08685
5335	0.624	0.09525
5338	0.61795	0.1006
5341	0.60975	0.09695
5344	0.5829	0.114
5347	0.5882	0.09425
5350	0.5897	0.1016
5353	0.59285	0.11425
5356	0.58845	0.13105
5359	0.5884	0.15205
5362	0.56775	0.174
5365	0.56035	0.16035
5368	0.52175	0.1613
5371	0.5068	0.1678
5374	0.5111	0.1403
5377	0.51215	0.13215
5380	0.5142	0.12155
5383	0.50795	0.11495
5386	0.49805	0.12445
5389	0.4881	0.1269
5392	0.4808	0.1261
5395	0.47065	0.1632
5398	0.4794	0.1327
5401	0.4817	0.12365
5404	0.48475	0.1203
5407	0.48805	0.11345
5410	0.4916	0.1073
5413	0.49565	0.1007
5416	0.5015	0.1089
5419	0.49915	0.1565
5422	0.5092	0.12575
5425	0.52425	0.1221
5428	0.5303	0.1166
5431	0.5312	0.12245
5434	0.5342	0.12925
5437	0.53815	0.13055
5440	0.54275	0.13235
5443	0.545	0.1357
5446	0.55255	0.19775
5449	0.5596	0.15595
5452	0.5688	0.14795
5455	0.5709	0.1382
5458	0.5759	0.133
5461	0.58025	0.1277
5464	0.5896	0.1162
5467	0.59785	0.10695
5470	0.6185	0.15495
5473	0.62125	0.0965
5476	0.62345	0.0894
5479	0.62515	0.0969
5482	0.62795	0.0987
5485	0.62785	0.097
5488	0.62565	0.09265
5491	0.6246	0.0938
5494	0.6368	0.1523
5497	0.6424	0.09755
5500	0.6598	0.09235
5503	0.6804	0.0899
5506	0.6891	0.07725
5509	0.695	0.0726
5512	0.6996	0.0751
5515	0.7014	0.07625
5518	0.70175	0.07095
5521	0.71105	0.15225
5524	0.7096	0.08545
5527	0.7088	0.0871
5530	0.709	0.08075
5533	0.7083	0.08555
5536	0.708	0.0934
5539	0.70735	0.0845
5542	0.7075	0.07825
5545	0.70865	0.1448
5548	0.71025	0.0777
5551	0.7114	0.0695
5554	0.70865	0.0699
5557	0.70855	0.06845
5560	0.70735	0.0668
5563	0.70675	0.0742
5566	0.7066	0.07945
5569	0.7028	0.16705
5572	0.6996	0.1113
5575	0.7005	0.10485
5578	0.70115	0.11045
5581	0.69875	0.1061
5584	0.69825	0.1008
5587	0.70025	0.09115
5590	0.70235	0.08755
5593	0.7027	0.0802
5596	0.7025	0.1453
5599	0.70055	0.0773
5602	0.69975	0.06245
5605	0.69935	0.0626
5608	0.7009	0.06335
5611	0.6983	0.0621
5614	0.6959	0.0582
5617	0.69505	0.05895
5620	0.69395	0.1315
5623	0.69295	0.068
5626	0.6929	0.0589
5629	0.6913	0.0556
5632	0.69025	0.05205
5635	0.6914	0.04825
5638	0.69065	0.0391
5641	0.69335	0.0378
5644	0.69515	0.12565
5647	0.69485	0.03955
5650	0.69535	0.03765
5653	0.6939	0.04135
5656	0.6906	0.04035
5659	0.69	0.03835
5662	0.6909	0.03625
5665	0.69025	0.03305
5668	0.6916	0.03025
5671	0.6905	0.09925
5674	0.69105	0.03455
5677	0.6922	0.03055
5680	0.69305	0.03185
5683	0.6938	0.03125
5686	0.69365	0.0267
5689	0.69305	0.02985
5692	0.69385	0.02575
5695	0.6935	0.09655
5698	0.69275	0.03665
5701	0.69195	0.0313
5704	0.6897	0.0233
5707	0.69005	0.0182
5710	0.68755	0.01915
5713	0.68385	0.01755
5716	0.68345	0.01555
5719	0.68535	0.0875
5722	0.68505	0.0091
5725	0.6844	0.00995
5728	0.6846	0.00835
5731	0.68405	0.0106
5734	0.684	0.0079
