1	0.308867	0.702858
4	0.301433	0.055375
7	0.302758	0.062675
10	0.312867	0.0702333
13	0.331475	0.0679667
16	0.347925	0.0625917
19	0.358292	0.0650167
22	0.372642	0.05075
25	0.384192	0.054225
28	0.384217	0.0567
31	0.379825	0.058125
34	0.37765	0.0551
37	0.3771	0.0529833
40	0.37225	0.048775
43	0.367717	0.0460083
46	0.355008	0.0520167
49	0.351533	0.0374833
52	0.34825	0.03555
55	0.34685	0.0348167
58	0.348483	0.0313
61	0.349008	0.032225
64	0.347367	0.0310667
67	0.346325	0.0279667
70	0.337933	0.0389667
73	0.340025	0.0239667
76	0.338367	0.0262333
79	0.340808	0.0303417
82	0.346417	0.0407917
85	0.358308	0.0531167
88	0.372417	0.0640417
91	0.385175	0.0710333
94	0.401217	0.110225
97	0.4147	0.0809083
100	0.428825	0.0725917
103	0.439692	0.07045
106	0.443433	0.0754583
109	0.445808	0.0790667
112	0.443992	0.0825
115	0.436892	0.08805
118	0.428617	0.0893917
121	0.420125	0.111433
124	0.427258	0.0907667
127	0.433408	0.0870917
130	0.440283	0.0896083
133	0.441333	0.0848083
136	0.446692	0.0795083
139	0.447583	0.0743417
142	0.448342	0.0703417
145	0.437542	0.08545
148	0.436933	0.06075
151	0.4351	0.0574083
154	0.431683	0.055525
157	0.425575	0.0551833
160	0.421675	0.0447333
163	0.417125	0.045075
166	0.413925	0.044025
169	0.401758	0.0643083
172	0.399325	0.041775
175	0.395325	0.0363417
178	0.393633	0.0349833
181	0.391433	0.0309583
184	0.388142	0.0312583
187	0.386267	0.0270667
190	0.384208	0.02215
193	0.3822	0.0174083
196	0.376592	0.0390667
199	0.376625	0.01495
202	0.376208	0.0109417
205	0.375858	0.011525
208	0.375858	0.00959167
211	0.375867	0.009825
214	0.376033	0.00960833
217	0.376408	0.01
220	0.3772	0.035225
223	0.378167	0.0141667
226	0.378383	0.0087
229	0.377608	0.00915833
232	0.3773	0.00934167
235	0.377325	0.010375
238	0.376283	0.0112667
241	0.376017	0.0118917
244	0.37285	0.0383833
247	0.374008	0.015125
250	0.374992	0.008825
253	0.374975	0.00696667
256	0.374683	0.00640833
259	0.374333	0.0063
262	0.373542	0.00615833
265	0.372492	0.006975
268	0.372117	0.005925
271	0.369417	0.0298333
274	0.368925	0.00939167
277	0.369275	0.00948333
280	0.372492	0.0102167
283	0.375633	0.0123667
286	0.378167	0.0162583
289	0.379042	0.0160083
292	0.3772	0.0136667
295	0.370217	0.037925
298	0.366308	0.0165417
301	0.362367	0.0111333
304	0.361558	0.01
307	0.362192	0.0102417
310	0.362833	0.0125667
313	0.36275	0.0141833
316	0.363433	0.0125083
319	0.364217	0.04445
322	0.364942	0.016575
325	0.365058	0.014025
328	0.365258	0.0140583
331	0.365867	0.0139417
334	0.366333	0.00683333
337	0.366125	0.007325
340	0.369233	0.0129
343	0.373075	0.0183333
346	0.376792	0.049475
349	0.381608	0.0252
352	0.386067	0.0244833
355	0.389292	0.0251417
358	0.393083	0.0201583
361	0.39575	0.0181917
364	0.395325	0.0183667
367	0.395167	0.016425
370	0.395183	0.0414083
373	0.39485	0.017425
376	0.392025	0.0165583
379	0.388442	0.015225
382	0.388275	0.01875
385	0.391783	0.0239083
388	0.397992	0.0296
391	0.406908	0.0372917
394	0.401958	0.0638833
397	0.411608	0.0443583
400	0.4151	0.043225
403	0.420325	0.0427917
406	0.426117	0.0478333
409	0.434125	0.054675
412	0.443517	0.064275
415	0.452025	0.0696417
418	0.458342	0.0751833
421	0.465775	0.12565
424	0.477525	0.0962
427	0.486817	0.1008
430	0.495592	0.104208
433	0.507633	0.110642
436	0.516575	0.113858
439	0.519692	0.116075
442	0.524858	0.115542
445	0.533592	0.14655
448	0.537142	0.119942
451	0.5432	0.117525
454	0.549083	0.114442
457	0.554325	0.109867
460	0.559567	0.106092
463	0.56475	0.100167
466	0.567667	0.0944917
469	0.577833	0.123408
472	0.578725	0.08255
475	0.579475	0.0769083
478	0.580442	0.072425
481	0.580083	0.0752667
484	0.5809	0.069175
487	0.581458	0.0622917
490	0.580442	0.0563583
493	0.580767	0.0536833
496	0.575742	0.0869917
499	0.574925	0.0533667
502	0.574533	0.0538167
505	0.57185	0.0549083
508	0.57045	0.0562
511	0.572183	0.0626417
514	0.574592	0.0687333
517	0.5907	0.0652917
520	0.6189	0.136133
523	0.636808	0.0727083
526	0.644683	0.075875
529	0.649642	0.0723167
532	0.651683	0.071175
535	0.652217	0.071275
538	0.653342	0.06965
541	0.655667	0.0687167
544	0.6647	0.128642
547	0.662308	0.0699083
550	0.660925	0.067725
553	0.6608	0.0593833
556	0.659825	0.0567167
559	0.658742	0.0565083
562	0.6589	0.071825
565	0.659	0.0775667
568	0.659133	0.0861833
571	0.655675	0.112233
574	0.655117	0.0630917
577	0.654217	0.0403333
580	0.6537	0.0346833
583	0.65375	0.0345083
586	0.653692	0.0394167
589	0.653933	0.038725
592	0.65585	0.0435583
595	0.667067	0.106375
598	0.672075	0.0550667
601	0.674375	0.054175
604	0.677558	0.0485417
607	0.687725	0.0496583
610	0.692517	0.0509833
613	0.693108	0.0527167
616	0.696375	0.055425
619	0.708983	0.119067
622	0.708742	0.061275
625	0.707775	0.0606167
628	0.70815	0.0586917
631	0.71155	0.0571833
634	0.711967	0.0556417
637	0.712808	0.0535667
640	0.7125	0.049075
643	0.7131	0.0494583
646	0.715633	0.0992167
649	0.714258	0.0492917
652	0.713625	0.0510833
655	0.712683	0.0495333
658	0.711108	0.047075
661	0.709783	0.0480083
664	0.7091	0.0463
667	0.708958	0.0474083
670	0.707225	0.0994
673	0.706167	0.0566167
676	0.704683	0.0518583
679	0.703875	0.0476083
682	0.703058	0.0494333
685	0.702583	0.0444083
688	0.701892	0.0428167
691	0.70215	0.0409167
694	0.700925	0.101075
697	0.701	0.050625
700	0.700825	0.0457417
703	0.701108	0.040875
706	0.701667	0.036975
709	0.701617	0.0373417
712	0.70205	0.0360167
715	0.702633	0.0336417
718	0.702783	0.02445
721	0.703292	0.0737083
724	0.703767	0.0267333
727	0.703917	0.0233167
730	0.703708	0.0198
733	0.704258	0.0153333
736	0.703667	0.0138583
739	0.703733	0.0103583
742	0.703608	0.00681667
745	0.702825	0.0518333
748	0.703208	0.0106167
751	0.703008	0.00779167
754	0.703342	0.00508333
757	0.703833	0.00491667
760	0.70405	0.00515
763	0.703658	0.005275
766	0.703817	0.0054
769	0.705942	0.0584083
772	0.706083	0.0082
775	0.705842	0.00646667
778	0.705433	0.0069
781	0.7052	0.00636667
784	0.7047	0.007775
787	0.704217	0.0126667
790	0.703383	0.0161167
793	0.703	0.0175333
796	0.7003	0.0584333
799	0.699342	0.0277167
802	0.6979	0.0298917
805	0.697758	0.0298917
808	0.696883	0.0286833
811	0.697125	0.0286167
814	0.697617	0.0278917
817	0.699008	0.0260583
820	0.7019	0.0716083
823	0.702725	0.0187333
826	0.703192	0.017675
829	0.704092	0.0140083
832	0.705142	0.0104583
835	0.705492	0.00850833
838	0.706217	0.0072
841	0.706342	0.00783333
844	0.706025	0.0503667
847	0.706442	0.0127917
850	0.7064	0.0094
853	0.70625	0.00845
856	0.706558	0.00851667
859	0.706267	0.00749167
862	0.70575	0.00844167
865	0.705733	0.010975
868	0.706317	0.00915
871	0.706967	0.041525
874	0.70645	0.00998333
877	0.706075	0.00948333
880	0.704875	0.0420083
883	0.705417	0.00841667
886	0.705717	0.00789167
889	0.7058	0.00853333
892	0.705767	0.00938333
895	0.705883	0.00766667
898	0.706017	0.00775
901	0.705942	0.0075
904	0.70625	0.0417917
907	0.705992	0.00839167
910	0.706117	0.00886667
913	0.706	0.0064
916	0.706208	0.007425
919	0.705808	0.00506667
922	0.705842	0.00309167
925	0.7059	0.00230833
928	0.706125	0.00143333
931	0.705508	0.033275
934	0.705567	0.00485
937	0.704875	0.005525
940	0.704858	0.00766667
943	0.704567	0.007925
946	0.704383	0.0073
949	0.704483	0.00633333
952	0.70475	0.00579167
955	0.705492	0.0390333
958	0.705142	0.0085
961	0.704983	0.00944167
964	0.704875	0.00748333
967	0.705092	0.00549167
970	0.704692	0.00661667
973	0.704383	0.00754167
976	0.7042	0.00871667
979	0.7028	0.047925
982	0.703058	0.0147833
985	0.70345	0.0127333
988	0.704042	0.00866667
991	0.703667	0.00801667
994	0.703925	0.00718333
997	0.703708	0.00701667
1000	0.704192	0.00804167
1003	0.704308	0.00685
1006	0.703742	0.0408167
1009	0.703817	0.00759167
1012	0.703083	0.0465333
1015	0.702633	0.010925
1018	0.702917	0.0110833
1021	0.703275	0.010325
1024	0.702517	0.00919167
1027	0.7025	0.008775
1030	0.702242	0.00721667
1033	0.70205	0.008325
1036	0.703483	0.0419167
1039	0.703192	0.0107417
1042	0.70325	0.0126583
1045	0.703292	0.0128
1048	0.702883	0.01285
1051	0.702908	0.0122167
1054	0.703017	0.00868333
1057	0.703133	0.009025
1060	0.702925	0.0528333
1063	0.702575	0.013175
1066	0.702533	0.0105667
1069	0.702742	0.00864167
1072	0.702792	0.0101083
1075	0.702783	0.00728333
1078	0.702633	0.00700833
1081	0.702392	0.00693333
1084	0.702425	0.007675
1087	0.702075	0.04565
1090	0.702333	0.0135917
1093	0.702025	0.0105833
1096	0.701942	0.00970833
1099	0.701983	0.0114917
1102	0.70155	0.0108667
1105	0.701333	0.0103083
1108	0.701333	0.00959167
1111	0.7005	0.0485417
1114	0.700733	0.0139833
1117	0.70105	0.01295
1120	0.701833	0.0119
1123	0.70235	0.0119333
1126	0.701683	0.0126583
1129	0.701267	0.0164333
1132	0.70135	0.0188417
1135	0.702333	0.0578167
1138	0.701492	0.0219333
1141	0.701775	0.0191167
1144	0.70205	0.0157833
1147	0.701683	0.0146833
1150	0.7019	0.0141833
1153	0.702275	0.0152083
1156	0.702008	0.0146083
1159	0.701992	0.0159083
1162	0.701917	0.0514
1165	0.701642	0.0191167
1168	0.701925	0.01825
1171	0.702217	0.016475
1174	0.702342	0.0143583
1177	0.702008	0.01345
1180	0.702333	0.0126667
1183	0.702125	0.0128583
1186	0.70245	0.0546583
1189	0.70265	0.0175167
1192	0.702425	0.0140167
1195	0.702158	0.0129333
1198	0.702408	0.01085
1201	0.702558	0.007075
1204	0.702292	0.006025
1207	0.702242	0.00485
1210	0.703425	0.0457917
1213	0.702775	0.00930833
1216	0.702167	0.00751667
1219	0.701842	0.00540833
1222	0.702117	0.006075
1225	0.7022	0.0068
1228	0.70245	0.00959167
1231	0.7024	0.0101917
1234	0.702083	0.011525
1237	0.700925	0.0437917
1240	0.7003	0.0129
1243	0.700458	0.0142583
1246	0.701125	0.0120833
1249	0.701042	0.011325
1252	0.700733	0.00935833
1255	0.7008	0.0086
1258	0.701133	0.00853333
1261	0.701375	0.049375
1264	0.701117	0.010425
1267	0.701067	0.0105083
1270	0.701125	0.00934167
1273	0.701317	0.00830833
1276	0.701908	0.0103417
1279	0.702433	0.0124167
1282	0.702633	0.011575
1285	0.702933	0.0478583
1288	0.702733	0.0151667
1291	0.702475	0.0137833
1294	0.703108	0.0133583
1297	0.702275	0.0154083
1300	0.702667	0.0133667
1303	0.703475	0.0125
1306	0.703275	0.0101833
1309	0.70305	0.01025
1312	0.701508	0.0464583
1315	0.701192	0.0144083
1318	0.701225	0.010025
1321	0.7015	0.00865
1324	0.701592	0.00769167
1327	0.702158	0.00595833
1330	0.702408	0.00585833
1333	0.702592	0.006275
1336	0.702517	0.05075
1339	0.702717	0.0137583
1342	0.702675	0.0122917
1345	0.702608	0.0113917
1348	0.702367	0.0114917
1351	0.702717	0.0127417
1354	0.702375	0.0144333
1357	0.70215	0.0159167
1360	0.702067	0.0653667
1363	0.701817	0.0225667
1366	0.701817	0.021475
1369	0.701367	0.0187583
1372	0.701983	0.0196583
1375	0.702158	0.0155333
1378	0.702017	0.0133333
1381	0.702683	0.0127083
1384	0.702633	0.0111833
1387	0.704067	0.0510333
1390	0.703825	0.0154833
1393	0.703592	0.0109083
1396	0.703967	0.013275
1399	0.704392	0.0100833
1402	0.704642	0.00839167
1405	0.704692	0.00825
1408	0.704842	0.00899167
1411	0.703708	0.049725
1414	0.703617	0.0162
1417	0.703483	0.0186583
1420	0.703492	0.0203
1423	0.7035	0.0244417
1426	0.703783	0.03245
1429	0.703892	0.0455667
1432	0.703008	0.0530083
1435	0.70545	0.0936083
1438	0.705217	0.0683333
1441	0.705908	0.082775
1444	0.706367	0.0941583
1447	0.709817	0.101508
1450	0.709475	0.10825
1453	0.709533	0.111258
1456	0.709692	0.122058
1459	0.710542	0.127175
1462	0.712333	0.152583
1465	0.711908	0.149258
1468	0.712583	0.181725
1471	0.714825	0.196433
1474	0.715408	0.21165
1477	0.71585	0.2166
1480	0.714492	0.221933
1483	0.717583	0.232067
1486	0.720408	0.245875
1489	0.721108	0.247808
1492	0.724883	0.267317
1495	0.72645	0.275167
1498	0.726775	0.280875
1501	0.724642	0.277725
1504	0.724558	0.285283
1507	0.727858	0.286067
1510	0.731292	0.294608
1513	0.731583	0.284058
1516	0.733558	0.307533
1519	0.734692	0.296333
1522	0.73315	0.310383
1525	0.734942	0.297733
1528	0.736942	0.300467
1531	0.735417	0.303208
1534	0.735383	0.302683
1537	0.73325	0.31415
1540	0.7348	0.318108
1543	0.73605	0.328367
1546	0.738042	0.33755
1549	0.739792	0.372175
1552	0.742342	0.34515
1555	0.745442	0.343083
1558	0.7477	0.34315
1561	0.745275	0.346642
1564	0.742642	0.344075
1567	0.743475	0.350025
1570	0.744117	0.357892
1573	0.744567	0.368967
1576	0.746425	0.373325
1579	0.748633	0.376742
1582	0.748225	0.38295
1585	0.748942	0.384067
1588	0.747325	0.381283
1591	0.745675	0.38545
1594	0.740892	0.391542
1597	0.734033	0.397167
1600	0.733625	0.406283
1603	0.734158	0.413367
1606	0.736717	0.419783
1609	0.736583	0.421058
1612	0.737867	0.422642
1615	0.741017	0.410358
1618	0.740892	0.395008
1621	0.739108	0.39485
1624	0.745867	0.388367
1627	0.7465	0.3788
1630	0.74365	0.379183
1633	0.739275	0.3762
1636	0.740592	0.384642
1639	0.742667	0.375017
1642	0.742575	0.3742
1645	0.74165	0.36425
1648	0.742242	0.349725
1651	0.73705	0.344583
1654	0.735642	0.347233
1657	0.731083	0.347192
1660	0.728242	0.3543
1663	0.731642	0.343525
1666	0.735825	0.346567
1669	0.735808	0.351425
1672	0.740608	0.357058
1675	0.736767	0.356242
1678	0.729308	0.355092
1681	0.72615	0.35595
1684	0.723617	0.352058
1687	0.720642	0.355408
1690	0.720883	0.349358
1693	0.724267	0.358667
1696	0.721725	0.350383
1699	0.7187	0.339733
1702	0.721917	0.336758
1705	0.720417	0.338233
1708	0.721392	0.330783
1711	0.717208	0.3282
1714	0.71445	0.327008
1717	0.712442	0.323725
1720	0.717958	0.31655
1723	0.720367	0.313158
1726	0.728783	0.312833
1729	0.734392	0.311617
1732	0.72775	0.346233
1735	0.695508	0.369633
1738	0.691825	0.336075
1741	0.685792	0.345075
1744	0.675492	0.34275
1747	0.637225	0.364392
1750	0.630192	0.320108
1753	0.599358	0.3383
1756	0.583567	0.323808
1759	0.570775	0.314508
1762	0.553167	0.307817
1765	0.540725	0.307667
1768	0.557317	0.304867
1771	0.5746	0.308925
1774	0.590825	0.30995
1777	0.61235	0.3005
1780	0.623817	0.284492
1783	0.623342	0.269608
1786	0.617608	0.266367
1789	0.614983	0.241383
1792	0.603217	0.231425
1795	0.595142	0.221983
1798	0.594825	0.226867
1801	0.600567	0.244717
1804	0.605767	0.254575
1807	0.6058	0.258617
1810	0.6028	0.282442
1813	0.603183	0.254408
1816	0.600375	0.2547
1819	0.592142	0.260167
1822	0.579825	0.257792
1825	0.55635	0.257425
1828	0.533683	0.260542
1831	0.526975	0.259758
1834	0.521217	0.249733
1837	0.500208	0.24125
1840	0.498975	0.2243
1843	0.500508	0.211367
1846	0.511558	0.190617
1849	0.515767	0.1743
1852	0.520575	0.158925
1855	0.514317	0.160458
1858	0.499433	0.167442
1861	0.499733	0.178333
1864	0.493292	0.166233
1867	0.488017	0.164792
1870	0.493592	0.178892
1873	0.503833	0.184325
1876	0.5197	0.187
1879	0.53065	0.195308
1882	0.527717	0.218683
1885	0.510525	0.238308
1888	0.513833	0.233933
1891	0.521633	0.248025
1894	0.528683	0.252642
1897	0.510425	0.280308
1900	0.512508	0.303992
1903	0.549475	0.327367
1906	0.593475	0.354242
1909	0.618883	0.345275
1912	0.634392	0.33945
1915	0.654233	0.321225
1918	0.678783	0.307283
1921	0.689975	0.290017
1924	0.66585	0.301033
1927	0.644092	0.253383
1930	0.611092	0.237225
1933	0.5276	0.242008
1936	0.469825	0.211067
1939	0.443625	0.184067
1942	0.4311	0.167258
1945	0.426292	0.1486
1948	0.416875	0.1346
1951	0.394433	0.114175
1954	0.379017	0.097025
1957	0.366292	0.0763833
1960	0.365525	0.0804833
1963	0.36105	0.0539417
1966	0.355042	0.0456833
1969	0.342817	0.0345167
1972	0.326675	0.0231917
1975	0.31255	0.0109833
1978	0.30225	0.006825
1981	0.295192	0.006725
1984	0.280725	0.00675833
1987	0.248408	0.0160333
1990	0.246033	0.00829167
1993	0.24525	0.00840833
1996	0.240283	0.00899167
1999	0.22715	0.0101417
2002	0.235625	0.0371
2005	0.256158	0.0637583
2008	0.2822	0.098375
2011	0.31875	0.131817
2014	0.39915	0.163817
2017	0.466767	0.177833
2020	0.507692	0.197592
2023	0.543458	0.226858
2026	0.597033	0.262075
2029	0.640275	0.272308
2032	0.649733	0.264858
2035	0.663208	0.272033
2038	0.669325	0.262458
2041	0.639217	0.25625
2044	0.566458	0.21515
2047	0.506833	0.193542
2050	0.4737	0.179458
2053	0.435917	0.158425
2056	0.399008	0.14125
2059	0.363725	0.116317
2062	0.320358	0.104033
2065	0.310458	0.08115
2068	0.305975	0.0628583
2071	0.302517	0.0544167
2074	0.293233	0.0432
2077	0.276267	0.0285083
2080	0.253783	0.02225
2083	0.240317	0.0128583
2086	0.230875	0.0157083
2089	0.230433	0.009225
2092	0.23015	0.00785
2095	0.230158	0.00865833
2098	0.234858	0.00973333
2101	0.246008	0.0208667
2104	0.2621	0.0331417
2107	0.28035	0.0444
2110	0.311417	0.0692917
2113	0.37145	0.0679333
2116	0.4727	0.0796667
2119	0.575417	0.0861333
2122	0.649617	0.0962333
2125	0.697242	0.10915
2128	0.734742	0.129925
2131	0.751567	0.132533
2134	0.764083	0.144475
2137	0.7705	0.148475
2140	0.769675	0.148133
2143	0.76645	0.154342
2146	0.766333	0.159542
2149	0.768808	0.160117
2152	0.759675	0.171383
2155	0.7225	0.186817
2158	0.675208	0.201708
2161	0.636325	0.205775
2164	0.625758	0.18835
2167	0.61985	0.175142
2170	0.615433	0.1611
2173	0.611958	0.1444
2176	0.569208	0.149183
2179	0.496592	0.127792
2182	0.431542	0.0972833
2185	0.340958	0.113742
2188	0.3242	0.0656667
2191	0.306	0.05765
2194	0.287542	0.0454333
2197	0.271667	0.03595
2200	0.258592	0.0273917
2203	0.252175	0.0189167
2206	0.247825	0.0159167
2209	0.241767	0.0117667
2212	0.222292	0.0148417
2215	0.221175	0.00468333
2218	0.220225	0.00388333
2221	0.221208	0.00401667
2224	0.21995	0.00455
2227	0.218742	0.003875
2230	0.218158	0.00520833
2233	0.21775	0.00414167
2236	0.217792	0.0099
2239	0.219158	0.00496667
2242	0.218575	0.00611667
2245	0.2195	0.0054
2248	0.220242	0.00621667
2251	0.221942	0.00611667
2254	0.222283	0.00825
2257	0.2211	0.00774167
2260	0.222517	0.0147167
2263	0.222742	0.008625
2266	0.229075	0.0183167
2269	0.24475	0.0411083
2272	0.2647	0.0651833
2275	0.292292	0.0866917
2278	0.3175	0.101083
2281	0.331025	0.110625
2284	0.342008	0.112158
2287	0.339808	0.12225
2290	0.345025	0.113658
2293	0.340025	0.111817
2296	0.327667	0.107083
2299	0.321042	0.114975
2302	0.320883	0.124258
2305	0.32025	0.1269
2308	0.31465	0.118692
2311	0.302375	0.126025
2314	0.302633	0.115692
2317	0.302267	0.107017
2320	0.294425	0.0978333
2323	0.290708	0.0880667
2326	0.288758	0.077975
2329	0.2756	0.069625
2332	0.254308	0.060125
2335	0.233292	0.0580667
2338	0.228358	0.0422833
2341	0.225742	0.038275
2344	0.2225	0.0328333
2347	0.218158	0.027675
2350	0.221408	0.0309333
2353	0.228692	0.0372167
2356	0.240592	0.0347667
2359	0.248925	0.0299
2362	0.248617	0.0310833
2365	0.240983	0.024275
2368	0.23165	0.023475
2371	0.222925	0.0224833
2374	0.217867	0.0217167
2377	0.214792	0.020275
2380	0.210433	0.0190417
2383	0.211108	0.0295417
2386	0.216367	0.064
2389	0.262875	0.0841167
2392	0.334875	0.0991583
2395	0.415067	0.0989
2398	0.463875	0.0924
2401	0.485892	0.0885333
2404	0.495467	0.087525
2407	0.499192	0.0820083
2410	0.440158	0.094125
2413	0.407925	0.071525
2416	0.357875	0.053675
2419	0.30525	0.0459083
2422	0.264525	0.0321417
2425	0.239742	0.0217333
2428	0.223825	0.0133667
2431	0.216525	0.008
2434	0.2225	0.0329083
2437	0.2324	0.0677
2440	0.261717	0.07215
2443	0.2824	0.0712583
2446	0.289575	0.0682333
2449	0.280033	0.06555
2452	0.25295	0.0617917
2455	0.236592	0.0584583
2458	0.236808	0.056225
2461	0.228625	0.0587333
2464	0.220817	0.0437333
2467	0.218217	0.0367917
2470	0.219417	0.0286833
2473	0.212758	0.0210833
2476	0.20835	0.023875
2479	0.211883	0.0326167
2482	0.230383	0.031025
2485	0.242208	0.0367667
2488	0.24505	0.0284583
2491	0.237375	0.026625
2494	0.23115	0.0255917
2497	0.224558	0.024625
2500	0.217892	0.0241583
2503	0.21615	0.021725
2506	0.213192	0.022375
2509	0.219758	0.0407667
2512	0.228975	0.0681083
2515	0.259133	0.0904833
2518	0.287	0.103975
2521	0.325708	0.10285
2524	0.377908	0.1043
2527	0.40595	0.103483
2530	0.417092	0.0995417
2533	0.4225	0.0964417
2536	0.411433	0.101033
2539	0.401442	0.0928333
2542	0.359225	0.0921833
2545	0.325658	0.0930917
2548	0.276008	0.0820333
2551	0.26315	0.0703
2554	0.256575	0.0579
2557	0.250583	0.0449333
2560	0.21615	0.0448583
2563	0.204825	0.0252667
2566	0.19575	0.0156333
2569	0.19135	0.00585
2572	0.190308	0.002275
2575	0.189892	0.00114167
2578	0.189842	0.000975
2581	0.19005	0.000691667
2584	0.189917	0.000983333
2587	0.189067	0.00773333
2590	0.189175	0.00125
2593	0.188883	0.00124167
2596	0.188717	0.00120833
2599	0.188783	0.00159167
2602	0.18855	0.000641667
2605	0.188358	0.0008
2608	0.188408	0.000575
2611	0.187508	0.00680833
2614	0.187683	0.00185833
2617	0.187817	0.0017
2620	0.187825	0.00153333
2623	0.18955	0.00408333
2626	0.208875	0.0271417
2629	0.23115	0.0538167
2632	0.250033	0.0677083
2635	0.255617	0.0771667
2638	0.266042	0.09075
2641	0.290808	0.112583
2644	0.32545	0.15535
2647	0.373617	0.188125
2650	0.423208	0.213183
2653	0.485208	0.219367
2656	0.524117	0.2179
2659	0.5435	0.214867
2662	0.551292	0.213758
2665	0.538925	0.196092
2668	0.532358	0.194667
2671	0.533608	0.190658
2674	0.52405	0.18525
2677	0.493992	0.183067
2680	0.44685	0.178692
2683	0.411933	0.154108
2686	0.3687	0.1611
2689	0.375542	0.126008
2692	0.389183	0.106675
2695	0.397258	0.0968417
2698	0.392025	0.0887417
2701	0.375483	0.0749083
2704	0.3606	0.0622667
2707	0.352067	0.0506083
2710	0.345308	0.0482833
2713	0.347142	0.040025
2716	0.347208	0.038925
2719	0.342642	0.0414583
2722	0.320817	0.0382917
2725	0.308533	0.0387333
2728	0.307267	0.0488917
2731	0.309675	0.059075
2734	0.310392	0.07545
2737	0.290467	0.08635
2740	0.293892	0.0798833
2743	0.2976	0.0783583
2746	0.300958	0.078525
2749	0.309742	0.084875
2752	0.315242	0.0876083
2755	0.316792	0.0852833
2758	0.318892	0.0849583
2761	0.306975	0.0895083
2764	0.304542	0.0791333
2767	0.296433	0.077
2770	0.291442	0.0669167
2773	0.288508	0.0666083
2776	0.282767	0.0664583
2779	0.278742	0.063825
2782	0.273617	0.05955
2785	0.261792	0.0696833
2788	0.259667	0.0547333
2791	0.258342	0.0509417
2794	0.255617	0.0491
2797	0.253567	0.04535
2800	0.25235	0.0408417
2803	0.251308	0.0399167
2806	0.250933	0.034675
2809	0.251108	0.0272917
2812	0.248033	0.0398667
2815	0.2478	0.0212417
2818	0.247142	0.0178417
2821	0.246967	0.012125
2824	0.247592	0.0121167
2827	0.246658	0.0102333
2830	0.246175	0.0146417
2833	0.24565	0.0163583
2836	0.247058	0.0345167
2839	0.247483	0.0136917
2842	0.247533	0.01205
2845	0.247075	0.0119833
2848	0.246767	0.0112083
2851	0.248492	0.011625
2854	0.248475	0.011325
2857	0.245725	0.0120583
2860	0.242842	0.0347083
2863	0.242908	0.012975
2866	0.244233	0.01475
2869	0.244892	0.01955
2872	0.244958	0.0172833
2875	0.24495	0.016025
2878	0.25	0.0184833
2881	0.263383	0.028275
2884	0.272292	0.0349083
2887	0.279892	0.0658083
2890	0.281933	0.0419917
2893	0.281692	0.040225
2896	0.279133	0.0349417
2899	0.274425	0.031975
2902	0.271125	0.02945
2905	0.267758	0.025575
2908	0.266708	0.0256083
2911	0.262733	0.0520583
2914	0.262725	0.0247917
2917	0.262383	0.024825
2920	0.261267	0.0249917
2923	0.261333	0.024975
2926	0.26055	0.0235583
2929	0.2606	0.025125
2932	0.263475	0.0271667
2935	0.260992	0.0546083
2938	0.258817	0.0275167
2941	0.262158	0.0284917
2944	0.268633	0.0300333
2947	0.279092	0.037925
2950	0.291992	0.0447833
2953	0.304292	0.0495667
2956	0.327558	0.0535583
2959	0.404292	0.056025
2962	0.473583	0.09575
2965	0.538167	0.0589333
2968	0.600317	0.0649083
2971	0.629158	0.065725
2974	0.672083	0.0693667
2977	0.688242	0.0709167
2980	0.696942	0.0735
2983	0.717342	0.0760667
2986	0.739	0.1353
2989	0.741925	0.0978417
2992	0.747225	0.106092
2995	0.7505	0.118625
2998	0.752367	0.130142
3001	0.756	0.131392
3004	0.757042	0.135525
3007	0.755483	0.14645
3010	0.754217	0.174592
3013	0.749933	0.145475
3016	0.750967	0.15305
3019	0.751983	0.1572
3022	0.752808	0.15145
3025	0.754258	0.144283
3028	0.7561	0.139358
3031	0.758158	0.130217
3034	0.7586	0.128858
3037	0.7625	0.156158
3040	0.762475	0.135692
3043	0.763358	0.123092
3046	0.764008	0.108617
3049	0.763433	0.0960083
3052	0.76315	0.0842583
3055	0.763392	0.0837583
3058	0.762067	0.087225
3061	0.763842	0.12965
3064	0.75825	0.0953667
3067	0.7557	0.104425
3070	0.755542	0.11125
3073	0.7542	0.114058
3076	0.75175	0.110958
3079	0.750692	0.111442
3082	0.750892	0.118275
3085	0.751075	0.164983
3088	0.75255	0.12165
3091	0.752808	0.122792
3094	0.753558	0.1181
3097	0.753092	0.108117
3100	0.752875	0.0964667
3103	0.753675	0.0899667
3106	0.753525	0.0824667
3109	0.753392	0.0748333
3112	0.752483	0.110967
3115	0.751733	0.0661
3118	0.751717	0.0582417
3121	0.750342	0.0544917
3124	0.749033	0.0540083
3127	0.750333	0.0579417
3130	0.750192	0.056875
3133	0.746333	0.0563833
3136	0.7456	0.0968
3139	0.744633	0.0505667
3142	0.74445	0.0481333
3145	0.743908	0.044325
3148	0.745233	0.04465
3151	0.74575	0.0402833
3154	0.744742	0.0392333
3157	0.745625	0.038125
3160	0.744775	0.0956667
3163	0.744883	0.0436917
3166	0.744758	0.0394917
3169	0.744658	0.0356833
3172	0.744775	0.0303417
3175	0.7438	0.034825
3178	0.742167	0.0410083
3181	0.741125	0.0430917
3184	0.7387	0.0476833
3187	0.737233	0.100342
3190	0.735392	0.05825
3193	0.733708	0.0537333
3196	0.734217	0.0484833
3199	0.733417	0.0429417
3202	0.732817	0.0359917
3205	0.73235	0.0341167
3208	0.73215	0.0319833
3211	0.731792	0.0835167
3214	0.73185	0.0279333
3217	0.731083	0.02265
3220	0.73065	0.0211
3223	0.730725	0.0184167
3226	0.730092	0.01765
3229	0.729467	0.0209333
3232	0.728825	0.020325
3235	0.7288	0.075225
3238	0.729183	0.0195
3241	0.729408	0.014475
3244	0.7288	0.0126583
3247	0.728658	0.01395
3250	0.727875	0.0112333
3253	0.728033	0.0124417
3256	0.727717	0.0117667
3259	0.727733	0.00931667
3262	0.727867	0.056975
3265	0.728058	0.0107583
3268	0.727583	0.010625
3271	0.727375	0.00876667
3274	0.727633	0.00955833
3277	0.728167	0.00955
3280	0.728758	0.00654167
3283	0.7287	0.00865
3286	0.732208	0.056275
3289	0.73225	0.0102667
3292	0.732058	0.00953333
3295	0.731692	0.00909167
3298	0.7314	0.009
3301	0.731175	0.00770833
3304	0.73125	0.00791667
3307	0.730975	0.0067
3310	0.731125	0.0545333
3313	0.7295	0.01595
3316	0.72995	0.0143167
3319	0.729733	0.0141833
3322	0.729308	0.0148083
3325	0.730275	0.01435
3328	0.7303	0.0160917
3331	0.7307	0.0162417
3334	0.73045	0.0163917
3337	0.731442	0.0551
3340	0.731058	0.0229
3343	0.73085	0.0202417
3346	0.730692	0.0189833
3349	0.7301	0.0170917
3352	0.728992	0.0173667
3355	0.729158	0.0180417
3358	0.729492	0.0173833
3361	0.72965	0.0551333
3364	0.729367	0.0216917
3367	0.729658	0.019725
3370	0.729692	0.0153167
3373	0.731017	0.014
3376	0.731417	0.010875
3379	0.731475	0.00690833
3382	0.731358	0.00673333
3385	0.7321	0.0494917
3388	0.732033	0.0126583
3391	0.732008	0.0103417
3394	0.731642	0.00925833
3397	0.731217	0.00779167
3400	0.731317	0.00521667
3403	0.731292	0.00615
3406	0.731092	0.005575
3409	0.731242	0.00593333
3412	0.731592	0.0431833
3415	0.731408	0.00916667
3418	0.731283	0.007675
3421	0.731383	0.00891667
3424	0.73135	0.00524167
3427	0.731142	0.00444167
3430	0.731392	0.00336667
3433	0.732083	0.00400833
3436	0.735608	0.0469917
3439	0.73565	0.00718333
3442	0.735458	0.00745
3445	0.735383	0.00495833
3448	0.735433	0.00399167
3451	0.7355	0.00369167
3454	0.735833	0.00399167
3457	0.735475	0.00460833
3460	0.736192	0.0447667
3463	0.736158	0.0127
3466	0.735983	0.0106
3469	0.73615	0.00820833
3472	0.735792	0.00794167
3475	0.735833	0.00476667
3478	0.735458	0.00283333
3481	0.735475	0.00356667
3484	0.735675	0.00248333
3487	0.735642	0.0359833
3490	0.735158	0.00671667
3493	0.735108	0.00450833
3496	0.735183	0.004025
3499	0.735	0.00216667
3502	0.735442	0.00310833
3505	0.735308	0.00288333
3508	0.735233	0.0034
3511	0.736158	0.0351667
3514	0.73615	0.00603333
3517	0.736117	0.0028
3520	0.736158	0.002025
3523	0.736192	0.00166667
3526	0.735883	0.001125
3529	0.735758	0.000833333
3532	0.735783	0.00085
3535	0.735592	0.0347833
3538	0.735583	0.004575
3541	0.7353	0.00394167
3544	0.735208	0.0038
3547	0.73535	0.005425
3550	0.735275	0.00565833
3553	0.735225	0.00463333
3556	0.735208	0.0058
3559	0.735117	0.00585833
3562	0.734942	0.0307
3565	0.734758	0.00613333
3568	0.735083	0.00504167
3571	0.73545	0.0360083
3574	0.735492	0.00673333
3577	0.735258	0.00475
3580	0.735592	0.00561667
3583	0.73525	0.0061
3586	0.7347	0.00623333
3589	0.734817	0.005325
3592	0.734683	0.00629167
3595	0.734508	0.0381
3598	0.734625	0.00760833
3601	0.734858	0.00649167
3604	0.734842	0.00361667
3607	0.73485	0.00458333
3610	0.7351	0.00298333
3613	0.7354	0.00404167
3616	0.735317	0.00520833
3619	0.73595	0.0408833
3622	0.735325	0.013825
3625	0.735475	0.0136583
3628	0.735358	0.00964167
3631	0.734775	0.00835833
3634	0.734583	0.00763333
3637	0.73455	0.007375
3640	0.734133	0.00721667
3643	0.734242	0.00691667
3646	0.734867	0.0373667
3649	0.734983	0.0116667
3652	0.735375	0.00859167
3655	0.735383	0.00730833
3658	0.735292	0.00595833
3661	0.735258	0.00509167
3664	0.735683	0.0036
3667	0.735683	0.00498333
3670	0.735708	0.0372333
3673	0.735	0.0109583
3676	0.73475	0.0115417
3679	0.735108	0.00998333
3682	0.734817	0.0131583
3685	0.735092	0.00989167
3688	0.735242	0.00758333
3691	0.735242	0.00418333
3694	0.735208	0.0379917
3697	0.735125	0.019075
3700	0.735167	0.0256417
3703	0.735058	0.0290333
3706	0.735183	0.0310333
3709	0.734575	0.0308
3712	0.734108	0.029925
3715	0.733767	0.0278417
3718	0.733725	0.0279333
3721	0.73335	0.0529917
3724	0.73355	0.0292917
3727	0.734192	0.0272417
3730	0.73335	0.0273333
3733	0.733683	0.0266417
3736	0.732917	0.027025
3739	0.732142	0.0257667
3742	0.732033	0.0255917
3745	0.7325	0.0498917
3748	0.732133	0.024075
3751	0.732525	0.0213667
3754	0.732317	0.0184583
3757	0.731933	0.01525
3760	0.731758	0.00595833
3763	0.730758	0.00643333
3766	0.7293	0.0069
3769	0.730192	0.0436583
3772	0.730333	0.0141833
3775	0.730683	0.0176417
3778	0.731008	0.0183417
3781	0.732558	0.0210667
3784	0.732192	0.0184417
3787	0.732175	0.0193167
3790	0.732	0.01715
3793	0.731717	0.0178167
3796	0.73175	0.0621417
3799	0.730658	0.0350333
3802	0.730208	0.0365
3805	0.728892	0.0376583
3808	0.728808	0.0391417
3811	0.729467	0.0375833
3814	0.730058	0.0332
3817	0.730192	0.0291083
3820	0.733792	0.0766167
3823	0.733433	0.0178917
3826	0.733533	0.0092
3829	0.733725	0.005925
3832	0.7339	0.00554167
3835	0.733708	0.006175
3838	0.7334	0.00560833
3841	0.733092	0.00568333
3844	0.733108	0.0466667
3847	0.733075	0.01305
3850	0.733133	0.0104833
3853	0.733558	0.00833333
3856	0.733267	0.00860833
3859	0.73295	0.00876667
3862	0.733475	0.00864167
3865	0.733483	0.011925
3868	0.733733	0.0114167
3871	0.734833	0.0452167
3874	0.735275	0.0141917
3877	0.7358	0.0104417
3880	0.735792	0.0124333
3883	0.73525	0.012525
3886	0.734667	0.00899167
3889	0.73485	0.00838333
3892	0.734808	0.0126583
3895	0.734858	0.0518167
3898	0.735275	0.023575
3901	0.732983	0.0249333
3904	0.734558	0.0212583
3907	0.73485	0.0175667
3910	0.734783	0.0137917
3913	0.734408	0.0120417
3916	0.734383	0.0108083
3919	0.734767	0.04845
3922	0.735025	0.0152667
3925	0.735133	0.0109833
3928	0.735233	0.0106083
3931	0.734283	0.0106417
3934	0.734642	0.00954167
3937	0.73495	0.00619167
3940	0.734792	0.00785833
3943	0.7347	0.00823333
3946	0.735267	0.0364167
3949	0.735433	0.00746667
3952	0.735108	0.005925
3955	0.7353	0.004925
3958	0.735025	0.00705
3961	0.734675	0.00888333
3964	0.734233	0.00891667
3967	0.7347	0.00646667
3970	0.735683	0.043375
3973	0.735267	0.00896667
3976	0.7355	0.00705
3979	0.735567	0.00844167
3982	0.734042	0.0107
3985	0.7313	0.0122833
3988	0.733933	0.008875
3991	0.735442	0.00606667
3994	0.735192	0.0419417
3997	0.734675	0.00698333
4000	0.734733	0.00560833
4003	0.734583	0.003975
4006	0.734675	0.00494167
4009	0.734592	0.003475
4012	0.734858	0.00253333
4015	0.734792	0.00454167
4018	0.73455	0.00779167
4021	0.734708	0.0444583
4024	0.734475	0.0142917
4027	0.734675	0.0132167
4030	0.733933	0.0124917
4033	0.734525	0.0126167
4036	0.734525	0.012525
4039	0.734175	0.0103833
4042	0.734583	0.00879167
4045	0.735092	0.0433083
4048	0.734683	0.00773333
4051	0.734642	0.00490833
4054	0.734458	0.00291667
4057	0.734683	0.00315
4060	0.734533	0.003375
4063	0.7344	0.00608333
4066	0.734742	0.00744167
4069	0.733817	0.053525
4072	0.733683	0.00999167
4075	0.733492	0.00789167
4078	0.733908	0.0049
4081	0.734208	0.00465833
4084	0.734342	0.00644167
4087	0.734608	0.00853333
4090	0.7345	0.008075
4093	0.734275	0.00776667
4096	0.7356	0.0448583
4099	0.735567	0.0139583
4102	0.735167	0.0112583
4105	0.735092	0.009525
4108	0.735042	0.009075
4111	0.7344	0.006925
4114	0.733967	0.00666667
4117	0.7338	0.00794167
4120	0.733442	0.0431833
4123	0.733317	0.0113417
4126	0.733125	0.00998333
4129	0.732583	0.016525
4132	0.73235	0.0223667
4135	0.731842	0.028575
4138	0.731317	0.0353333
4141	0.73115	0.0397
4144	0.730183	0.0846583
4147	0.730225	0.0528083
4150	0.730158	0.0558833
4153	0.729908	0.05815
4156	0.729833	0.0603583
4159	0.728658	0.0643583
4162	0.727717	0.0754667
4165	0.727667	0.080975
4168	0.72735	0.0854667
4171	0.726667	0.115842
4174	0.727725	0.102375
4177	0.728492	0.092125
4180	0.729608	0.102792
4183	0.733125	0.0955417
4186	0.737275	0.107575
4189	0.73885	0.113108
4192	0.7396	0.104358
4195	0.739683	0.141217
4198	0.739525	0.13275
4201	0.738433	0.15825
4204	0.736542	0.175292
4207	0.735433	0.1961
4210	0.734292	0.210983
4213	0.736517	0.227692
4216	0.737425	0.245308
4219	0.741633	0.260708
4222	0.744308	0.24655
4225	0.748725	0.262825
4228	0.75215	0.261775
4231	0.756375	0.2732
4234	0.758075	0.287575
4237	0.757475	0.295767
4240	0.755958	0.321433
4243	0.760175	0.33925
4246	0.758842	0.326675
4249	0.751575	0.349125
4252	0.74825	0.349992
4255	0.744025	0.374817
4258	0.745033	0.36855
4261	0.744133	0.390483
4264	0.744458	0.378992
4267	0.746417	0.3789
4270	0.7478	0.376183
4273	0.750775	0.381
4276	0.752933	0.383317
4279	0.751525	0.392925
4282	0.757608	0.398233
4285	0.763058	0.395633
4288	0.763575	0.399183
4291	0.765458	0.392717
4294	0.7619	0.40295
4297	0.756675	0.381392
4300	0.7504	0.3828
4303	0.749042	0.384967
4306	0.742642	0.382742
4309	0.744017	0.378117
4312	0.748333	0.372725
4315	0.746183	0.370283
4318	0.740217	0.384917
4321	0.739425	0.3811
4324	0.736225	0.380592
4327	0.737475	0.381933
4330	0.737525	0.36275
4333	0.736817	0.368075
4336	0.73495	0.364692
4339	0.7295	0.361925
4342	0.725842	0.357633
4345	0.719692	0.3656
4348	0.716667	0.360875
4351	0.71675	0.3609
4354	0.7181	0.356342
4357	0.718908	0.351975
4360	0.724583	0.343975
4363	0.730825	0.341542
4366	0.733225	0.343975
4369	0.738808	0.348583
4372	0.740775	0.346525
4375	0.741892	0.346325
4378	0.73735	0.359375
4381	0.742717	0.35345
4384	0.743242	0.357975
4387	0.744625	0.357642
4390	0.744425	0.362192
4393	0.735842	0.379925
4396	0.734042	0.3651
4399	0.731625	0.357742
4402	0.723442	0.349392
4405	0.717267	0.339267
4408	0.695733	0.347158
4411	0.683917	0.3355
4414	0.690983	0.332042
4417	0.706983	0.331233
4420	0.725492	0.342008
4423	0.727783	0.337767
4426	0.715758	0.342658
4429	0.71055	0.35415
4432	0.705408	0.355933
4435	0.703958	0.352175
4438	0.692792	0.346892
4441	0.68645	0.345117
4444	0.680542	0.360508
4447	0.665842	0.350125
4450	0.656058	0.3465
4453	0.644458	0.344258
4456	0.634475	0.343542
4459	0.624217	0.345242
4462	0.63015	0.345275
4465	0.634083	0.353875
4468	0.645342	0.362975
4471	0.649875	0.373692
4474	0.65555	0.372042
4477	0.655658	0.375158
4480	0.6546	0.380467
4483	0.658083	0.381733
4486	0.662708	0.400867
4489	0.666825	0.3737
4492	0.677567	0.376725
4495	0.684742	0.375242
4498	0.695283	0.378533
4501	0.704167	0.383058
4504	0.722342	0.386675
4507	0.73615	0.385308
4510	0.74445	0.388017
4513	0.755758	0.38725
4516	0.758983	0.3749
4519	0.756542	0.3802
4522	0.753617	0.368958
4525	0.750517	0.360867
4528	0.752467	0.36525
4531	0.750717	0.360108
4534	0.751075	0.3567
4537	0.755883	0.351275
4540	0.753742	0.340642
4543	0.756408	0.333492
4546	0.749208	0.3375
4549	0.746117	0.333525
4552	0.73525	0.34035
4555	0.728825	0.358375
4558	0.724125	0.391158
4561	0.723308	0.37635
4564	0.722875	0.396967
4567	0.730092	0.3829
4570	0.732058	0.396717
4573	0.727258	0.369483
4576	0.719075	0.36075
4579	0.707283	0.348658
4582	0.703158	0.349375
4585	0.704775	0.343625
4588	0.70305	0.336533
4591	0.706833	0.342467
4594	0.715975	0.346875
4597	0.7209	0.32505
4600	0.712867	0.326517
4603	0.707158	0.320583
4606	0.706233	0.316342
4609	0.707717	0.308767
4612	0.714775	0.306192
4615	0.719767	0.290717
4618	0.720058	0.2824
4621	0.720267	0.277175
4624	0.708367	0.273767
4627	0.694292	0.259
4630	0.688167	0.267058
4633	0.6815	0.284592
4636	0.6794	0.287492
4639	0.684892	0.285933
4642	0.6928	0.294975
4645	0.696275	0.3074
4648	0.70505	0.305175
4651	0.707167	0.307467
4654	0.713642	0.303092
4657	0.722642	0.302242
4660	0.730717	0.300325
4663	0.735342	0.286275
4666	0.735517	0.280083
4669	0.719917	0.281042
4672	0.709242	0.260575
4675	0.695933	0.27465
4678	0.691267	0.254158
4681	0.669617	0.261967
4684	0.65865	0.2621
4687	0.648517	0.233775
4690	0.645083	0.229275
4693	0.651425	0.22365
4696	0.651417	0.233417
4699	0.659083	0.231667
4702	0.666567	0.2338
4705	0.672033	0.243633
4708	0.68065	0.248758
4711	0.692292	0.260233
4714	0.706575	0.283475
4717	0.7102	0.302933
4720	0.719958	0.320792
4723	0.7229	0.317667
4726	0.725908	0.321208
4729	0.731908	0.328708
4732	0.73615	0.316308
4735	0.738242	0.308417
4738	0.742592	0.293825
4741	0.741092	0.279117
4744	0.740425	0.281808
4747	0.717725	0.27535
4750	0.669083	0.26035
4753	0.601742	0.2482
4756	0.558192	0.208508
4759	0.478967	0.209942
4762	0.436892	0.175475
4765	0.4064	0.155183
4768	0.377925	0.13835
4771	0.345125	0.12785
4774	0.333333	0.097975
4777	0.327408	0.0817667
4780	0.324367	0.065
4783	0.315308	0.05145
4786	0.302292	0.0401583
4789	0.283792	0.0295667
4792	0.2743	0.01835
4795	0.271042	0.0180167
4798	0.267658	0.00594167
4801	0.267325	0.00115833
4804	0.267117	0.000641667
4807	0.267592	0.00055
4810	0.2608	0.00118333
4813	0.249425	0.000916667
4816	0.240508	0.001275
4819	0.21605	0.00705833
4822	0.215875	0.001275
4825	0.2156	0.00188333
4828	0.215642	0.00188333
4831	0.215558	0.00154167
4834	0.212	0.0142833
4837	0.211917	0.005025
4840	0.211783	0.00424167
4843	0.211525	0.00505833
4846	0.210925	0.00554167
4849	0.210308	0.00496667
4852	0.210275	0.00533333
4855	0.2101	0.00446667
4858	0.210508	0.0108333
4861	0.210575	0.00550833
4864	0.209858	0.00494167
4867	0.209625	0.00529167
4870	0.209342	0.00393333
4873	0.209675	0.005075
4876	0.210008	0.00488333
4879	0.20945	0.00410833
4882	0.20925	0.0051
4885	0.208792	0.00781667
4888	0.208433	0.00480833
4891	0.208258	0.004725
4894	0.207992	0.00475
4897	0.207658	0.00439167
4900	0.207458	0.003125
4903	0.20785	0.00336667
4906	0.207542	0.003225
4909	0.204892	0.00721667
4912	0.204033	0.0031
4915	0.203675	0.004925
4918	0.214225	0.033725
4921	0.240842	0.0591667
4924	0.272867	0.0673583
4927	0.299317	0.0920167
4930	0.316808	0.107892
4933	0.340367	0.132825
4936	0.38765	0.129508
4939	0.469942	0.13265
4942	0.512483	0.120242
4945	0.525042	0.114642
4948	0.53095	0.107833
4951	0.520742	0.098625
4954	0.509483	0.091525
4957	0.455042	0.0858417
4960	0.396092	0.0871333
4963	0.363525	0.0629583
4966	0.3	0.065625
4969	0.280558	0.0705083
4972	0.2898	0.1044
4975	0.312042	0.12845
4978	0.33665	0.143608
4981	0.352417	0.146858
4984	0.351133	0.144108
4987	0.349	0.133392
4990	0.343067	0.125508
4993	0.325092	0.120517
4996	0.304383	0.116217
4999	0.286858	0.107517
5002	0.275283	0.0974417
5005	0.269058	0.0886
5008	0.256983	0.0854583
5011	0.250617	0.0676667
5014	0.244258	0.0566583
5017	0.237683	0.0409583
5020	0.232867	0.0393583
5023	0.231908	0.039225
5026	0.240375	0.035925
5029	0.250533	0.0312667
5032	0.2573	0.0251833
5035	0.247642	0.0291417
5038	0.240417	0.0236083
5041	0.232533	0.02335
5044	0.227525	0.0231167
5047	0.236925	0.031775
5050	0.250258	0.0497333
5053	0.262433	0.0656083
5056	0.285125	0.0774083
5059	0.323467	0.0996917
5062	0.378283	0.101542
5065	0.431542	0.105675
5068	0.457992	0.117267
5071	0.49285	0.135592
5074	0.525858	0.150608
5077	0.550308	0.160983
5080	0.568158	0.164692
5083	0.584175	0.1717
5086	0.572408	0.175925
5089	0.512225	0.182008
5092	0.408967	0.1771
5095	0.359592	0.157708
5098	0.326317	0.146675
5101	0.289975	0.130442
5104	0.251775	0.11255
5107	0.220742	0.0911417
5110	0.204333	0.082425
5113	0.203942	0.0670833
5116	0.206908	0.0597417
5119	0.2064	0.043825
5122	0.1929	0.0297417
5125	0.1745	0.019825
5128	0.163817	0.00743333
5131	0.162392	0.000575
5134	0.160492	0.00804167
5137	0.160883	0.000783333
5140	0.161225	0.000425
5143	0.161725	0.000216667
5146	0.161658	0.000108333
5149	0.161808	5.83333e-05
5152	0.161825	8.33333e-05
5155	0.161833	2.5e-05
5158	0.161267	0.00640833
5161	0.161917	0.00085
5164	0.161908	0.000316667
5167	0.162333	0.000491667
5170	0.16245	0.000225
5173	0.162317	0.00015
5176	0.162525	6.66667e-05
5179	0.162725	4.16667e-05
5182	0.162483	5e-05
5185	0.162175	0.00434167
5188	0.161883	0.000316667
5191	0.162067	0.000216667
5194	0.162075	0.004575
5197	0.162567	0.000466667
5200	0.162083	0.000366667
5203	0.162375	0.000116667
5206	0.162125	0.000175
5209	0.162458	0.000125
5212	0.162225	0.000166667
5215	0.162275	8.33333e-05
5218	0.162	5e-05
5221	0.16325	0.00539167
5224	0.163058	0.000991667
5227	0.163375	0.000266667
5230	0.163342	0.000433333
5233	0.163092	9.16667e-05
5236	0.162992	7.5e-05
5239	0.162383	0.000183333
5242	0.162358	3.33333e-05
5245	0.158067	0.00448333
5248	0.158525	0.000291667
5251	0.158367	0.0003
5254	0.158575	0.000225
5257	0.168983	0.0167833
5260	0.18875	0.0364167
5263	0.213042	0.0546333
5266	0.243417	0.0675167
5269	0.296133	0.0769417
5272	0.321717	0.0691417
5275	0.342475	0.067825
5278	0.357592	0.0641
5281	0.367783	0.0614833
5284	0.37185	0.057775
5287	0.373992	0.0593667
5290	0.380817	0.082825
5293	0.386892	0.102417
5296	0.404292	0.127808
5299	0.439075	0.118508
5302	0.493858	0.120725
5305	0.531125	0.109292
5308	0.558483	0.104583
5311	0.577508	0.0971167
5314	0.59405	0.0923417
5317	0.607083	0.08435
5320	0.633267	0.091275
5323	0.63505	0.0705
5326	0.638967	0.0685667
5329	0.637883	0.071825
5332	0.629167	0.0878333
5335	0.623517	0.0941167
5338	0.616067	0.0999583
5341	0.609042	0.0972583
5344	0.58175	0.113558
5347	0.588208	0.0939917
5350	0.586742	0.100775
5353	0.58975	0.116175
5356	0.586233	0.131492
5359	0.58785	0.15095
5362	0.566967	0.173958
5365	0.558417	0.160892
5368	0.521933	0.161983
5371	0.507667	0.169383
5374	0.511675	0.139283
5377	0.513617	0.130708
5380	0.514917	0.120867
5383	0.505508	0.1148
5386	0.4973	0.1251
5389	0.489892	0.12645
5392	0.480417	0.124725
5395	0.469442	0.159867
5398	0.477942	0.13245
5401	0.479683	0.123117
5404	0.482858	0.119525
5407	0.4849	0.114942
5410	0.490542	0.107233
5413	0.49545	0.0993083
5416	0.501025	0.107708
5419	0.500717	0.1538
5422	0.511267	0.12595
5425	0.524958	0.11955
5428	0.532667	0.116517
5431	0.535433	0.122375
5434	0.534883	0.128583
5437	0.540775	0.12955
5440	0.545917	0.132842
5443	0.548917	0.135758
5446	0.551892	0.200375
5449	0.561333	0.154942
5452	0.569342	0.149558
5455	0.573817	0.138867
5458	0.578567	0.131783
5461	0.582108	0.12675
5464	0.5933	0.116042
5467	0.601775	0.103842
5470	0.6223	0.154808
5473	0.625467	0.0941833
5476	0.627867	0.0914583
5479	0.6299	0.0941917
5482	0.631108	0.0965667
5485	0.631042	0.0950917
5488	0.6301	0.0921833
5491	0.629083	0.091875
5494	0.64075	0.1531
5497	0.6446	0.09715
5500	0.6631	0.09005
5503	0.682358	0.08795
5506	0.690942	0.0780083
5509	0.697783	0.0722333
5512	0.701767	0.0754167
5515	0.703267	0.073025
5518	0.7032	0.0710167
5521	0.711583	0.147817
5524	0.71115	0.0832167
5527	0.710142	0.0866417
5530	0.709967	0.0775167
5533	0.7108	0.084175
5536	0.709983	0.0925083
5539	0.708167	0.082825
5542	0.708383	0.0780667
5545	0.710225	0.142417
5548	0.710333	0.0747167
5551	0.710625	0.0675333
5554	0.710125	0.06755
5557	0.71045	0.0684667
5560	0.708825	0.0666667
5563	0.708192	0.0736
5566	0.705858	0.0785167
5569	0.7028	0.162975
5572	0.69965	0.108408
5575	0.699108	0.106225
5578	0.699775	0.107933
5581	0.698642	0.1054
5584	0.6988	0.0953917
5587	0.699733	0.0916
5590	0.701283	0.0869
5593	0.701775	0.07975
5596	0.699958	0.144683
5599	0.698667	0.0764917
5602	0.698283	0.0640667
5605	0.698525	0.0623
5608	0.69795	0.0619917
5611	0.697058	0.0587917
5614	0.694408	0.0584667
5617	0.693033	0.0577167
5620	0.691333	0.125358
5623	0.690025	0.066825
5626	0.690183	0.0579833
5629	0.689367	0.052575
5632	0.689392	0.0494917
5635	0.689158	0.0463667
5638	0.689667	0.039
5641	0.690475	0.037875
5644	0.692083	0.120942
5647	0.692042	0.038975
5650	0.692383	0.0382583
5653	0.69025	0.04025
5656	0.688108	0.0400167
5659	0.6884	0.0376583
5662	0.688542	0.035975
5665	0.689525	0.0340917
5668	0.6893	0.03025
5671	0.68995	0.0951417
5674	0.689992	0.0350417
5677	0.69055	0.031325
5680	0.690358	0.0303333
5683	0.690058	0.0288
5686	0.690158	0.02515
5689	0.690367	0.0282417
5692	0.6907	0.0268
5695	0.691667	0.091575
5698	0.691667	0.033225
5701	0.690208	0.03085
5704	0.688142	0.0214917
5707	0.687558	0.0179667
5710	0.685017	0.0190333
5713	0.6816	0.0174
5716	0.680433	0.0147333
5719	0.680767	0.084925
5722	0.680833	0.00801667
5725	0.680575	0.00980833
5728	0.680342	0.007425
5731	0.679958	0.00981667
5734	0.679467	0.00690833
