1	0.308392	0.703652
4	0.30096	0.05532
7	0.301944	0.062804
10	0.311544	0.070244
13	0.330364	0.067424
16	0.348232	0.062368
19	0.35726	0.064264
22	0.37202	0.050972
25	0.384128	0.054092
28	0.384644	0.056168
31	0.379604	0.05794
34	0.37766	0.054748
37	0.37704	0.05266
40	0.37278	0.048376
43	0.367992	0.046112
46	0.354632	0.051932
49	0.35152	0.037124
52	0.34778	0.03564
55	0.346556	0.034728
58	0.348232	0.031272
61	0.348072	0.032368
64	0.346052	0.030636
67	0.345692	0.027972
70	0.338032	0.038288
73	0.339812	0.023904
76	0.338596	0.025976
79	0.340392	0.03048
82	0.346328	0.04028
85	0.3587	0.053232
88	0.373028	0.063844
91	0.386248	0.070528
94	0.40114	0.109432
97	0.414824	0.081612
100	0.42874	0.072712
103	0.439988	0.070632
106	0.44328	0.075624
109	0.445948	0.078556
112	0.44334	0.083128
115	0.436552	0.088028
118	0.42772	0.089252
121	0.41916	0.11086
124	0.427032	0.090252
127	0.432404	0.08694
130	0.439692	0.090692
133	0.440804	0.085104
136	0.446528	0.079404
139	0.447056	0.074704
142	0.448732	0.070128
145	0.436876	0.084424
148	0.436476	0.060128
151	0.43438	0.05754
154	0.430968	0.055288
157	0.425308	0.0546
160	0.42092	0.044296
163	0.416268	0.044576
166	0.412732	0.044256
169	0.399916	0.064272
172	0.398312	0.042648
175	0.394316	0.036184
178	0.392244	0.034828
181	0.390892	0.030552
184	0.388236	0.031164
187	0.385072	0.026952
190	0.383192	0.022152
193	0.380992	0.01702
196	0.374576	0.038056
199	0.374564	0.015
202	0.374648	0.010932
205	0.3744	0.011492
208	0.37458	0.00932
211	0.374468	0.009788
214	0.37438	0.009572
217	0.374836	0.009808
220	0.376856	0.034012
223	0.377184	0.013864
226	0.377212	0.008776
229	0.376092	0.009332
232	0.375724	0.009224
235	0.375812	0.010388
238	0.374752	0.011072
241	0.374788	0.012032
244	0.371896	0.037688
247	0.373072	0.015
250	0.374004	0.008824
253	0.37382	0.006784
256	0.373524	0.006244
259	0.373648	0.006316
262	0.373048	0.006128
265	0.37204	0.006828
268	0.371768	0.006008
271	0.368272	0.029412
274	0.367596	0.00906
277	0.367516	0.009224
280	0.370764	0.010204
283	0.37406	0.011996
286	0.37692	0.016088
289	0.37736	0.015872
292	0.375708	0.013316
295	0.368544	0.03718
298	0.364556	0.0161
301	0.360672	0.01088
304	0.359788	0.009692
307	0.360428	0.010128
310	0.361116	0.01264
313	0.3613	0.014196
316	0.36208	0.012312
319	0.363148	0.043532
322	0.363628	0.0161
325	0.364212	0.014096
328	0.364388	0.013448
331	0.365124	0.013944
334	0.365172	0.00678
337	0.36492	0.00714
340	0.36838	0.012864
343	0.372528	0.01842
346	0.375184	0.048648
349	0.380284	0.025032
352	0.384448	0.024388
355	0.388016	0.02472
358	0.392072	0.020264
361	0.394352	0.017888
364	0.394452	0.018256
367	0.394164	0.016136
370	0.393112	0.04088
373	0.392444	0.017508
376	0.390088	0.016568
379	0.386548	0.015152
382	0.386432	0.018396
385	0.38964	0.0236
388	0.396408	0.02964
391	0.40492	0.037164
394	0.400832	0.063092
397	0.410512	0.044384
400	0.414016	0.042948
403	0.418792	0.042796
406	0.42488	0.048156
409	0.432736	0.054616
412	0.44226	0.064292
415	0.450816	0.06942
418	0.457256	0.075464
421	0.4656	0.124852
424	0.477644	0.096444
427	0.486692	0.100392
430	0.495768	0.104128
433	0.50778	0.10982
436	0.51668	0.113588
439	0.519952	0.115316
442	0.52486	0.11512
445	0.532796	0.146292
448	0.536544	0.119616
451	0.542632	0.11704
454	0.548948	0.1139
457	0.554648	0.110352
460	0.55932	0.105548
463	0.563908	0.10044
466	0.567096	0.093724
469	0.577388	0.12344
472	0.578588	0.082372
475	0.578592	0.076708
478	0.580092	0.071312
481	0.580336	0.074184
484	0.580624	0.06834
487	0.580696	0.06078
490	0.580792	0.055788
493	0.580872	0.052916
496	0.574724	0.084828
499	0.573452	0.052744
502	0.573508	0.052988
505	0.571168	0.054644
508	0.569988	0.055588
511	0.570704	0.062456
514	0.573352	0.068544
517	0.58952	0.065324
520	0.618228	0.134392
523	0.635516	0.071356
526	0.643816	0.07534
529	0.648708	0.072024
532	0.651848	0.07096
535	0.65206	0.070164
538	0.653196	0.069144
541	0.655076	0.06832
544	0.664332	0.127632
547	0.66222	0.069552
550	0.660984	0.066904
553	0.660976	0.059072
556	0.65958	0.056556
559	0.658732	0.055844
562	0.658432	0.07118
565	0.658292	0.077496
568	0.659256	0.085072
571	0.656252	0.111412
574	0.655592	0.062196
577	0.655044	0.039796
580	0.654328	0.033572
583	0.654124	0.034288
586	0.654096	0.038444
589	0.653692	0.038048
592	0.655856	0.043912
595	0.6671	0.103468
598	0.672044	0.05412
601	0.674416	0.053748
604	0.678156	0.048064
607	0.687844	0.049432
610	0.69232	0.051072
613	0.693276	0.052764
616	0.696036	0.05574
619	0.70804	0.118868
622	0.707576	0.061644
625	0.707948	0.060772
628	0.707632	0.058592
631	0.71048	0.057352
634	0.712032	0.055568
637	0.712688	0.053336
640	0.712892	0.048756
643	0.712824	0.049448
646	0.715824	0.097876
649	0.714264	0.048964
652	0.713236	0.051364
655	0.71238	0.049796
658	0.710964	0.046932
661	0.709992	0.04788
664	0.708604	0.046184
667	0.708112	0.047544
670	0.707656	0.09834
673	0.706308	0.056132
676	0.705152	0.051588
679	0.704008	0.046984
682	0.70328	0.04886
685	0.703044	0.0449
688	0.702008	0.042588
691	0.701864	0.04182
694	0.700376	0.100304
697	0.700852	0.050892
700	0.700916	0.045852
703	0.701072	0.039932
706	0.701196	0.036616
709	0.701256	0.036764
712	0.701436	0.035816
715	0.701592	0.03372
718	0.701716	0.025044
721	0.702732	0.07326
724	0.703296	0.026004
727	0.703388	0.022476
730	0.703108	0.01884
733	0.703356	0.015108
736	0.70292	0.01384
739	0.703136	0.010196
742	0.703104	0.006208
745	0.702308	0.049876
748	0.702728	0.009376
751	0.70282	0.006928
754	0.702972	0.004788
757	0.70342	0.004708
760	0.703516	0.005028
763	0.703208	0.005052
766	0.703356	0.005048
769	0.7057	0.05524
772	0.705884	0.007588
775	0.705644	0.006048
778	0.70582	0.00672
781	0.705556	0.006252
784	0.704696	0.007628
787	0.703724	0.01246
790	0.703496	0.016016
793	0.703028	0.017188
796	0.700208	0.056124
799	0.69912	0.027156
802	0.6974	0.02914
805	0.697496	0.030008
808	0.69654	0.02878
811	0.696744	0.028212
814	0.696932	0.027564
817	0.698616	0.025944
820	0.701712	0.069204
823	0.70172	0.018828
826	0.703448	0.017484
829	0.704152	0.01392
832	0.704816	0.010116
835	0.7051	0.008392
838	0.706024	0.006984
841	0.706116	0.007796
844	0.706688	0.048652
847	0.706912	0.012112
850	0.706496	0.009096
853	0.706556	0.00822
856	0.706588	0.008188
859	0.706476	0.007248
862	0.706324	0.008004
865	0.706084	0.010696
868	0.706556	0.009132
871	0.706384	0.03882
874	0.706184	0.009252
877	0.706144	0.009048
880	0.705384	0.040472
883	0.705284	0.00778
886	0.705268	0.008116
889	0.705392	0.00792
892	0.705592	0.00922
895	0.705976	0.007592
898	0.706212	0.0077
901	0.705988	0.007648
904	0.705468	0.039852
907	0.705716	0.008124
910	0.705908	0.008864
913	0.70602	0.006456
916	0.705884	0.007508
919	0.70566	0.00504
922	0.705832	0.002912
925	0.705756	0.002324
928	0.705836	0.001336
931	0.704956	0.031384
934	0.70524	0.0049
937	0.704932	0.005356
940	0.704652	0.007612
943	0.704436	0.007808
946	0.704488	0.007008
949	0.704616	0.006344
952	0.70472	0.005708
955	0.705004	0.03666
958	0.704788	0.008224
961	0.704544	0.009156
964	0.704608	0.007428
967	0.704592	0.005572
970	0.704124	0.00658
973	0.703688	0.007484
976	0.703488	0.00882
979	0.702348	0.04658
982	0.7024	0.014424
985	0.702764	0.012364
988	0.70322	0.00882
991	0.7031	0.007924
994	0.703468	0.007108
997	0.703376	0.006984
1000	0.703768	0.0081
1003	0.703924	0.006876
1006	0.70328	0.038168
1009	0.70332	0.006996
1012	0.702312	0.044792
1015	0.702076	0.010472
1018	0.702348	0.010908
1021	0.702428	0.01014
1024	0.701744	0.009112
1027	0.701708	0.0086
1030	0.701884	0.006872
1033	0.701888	0.00816
1036	0.70242	0.040188
1039	0.702328	0.010088
1042	0.702536	0.01254
1045	0.702864	0.012784
1048	0.702364	0.012696
1051	0.702452	0.011968
1054	0.702744	0.008508
1057	0.702656	0.008956
1060	0.70232	0.050744
1063	0.701792	0.012648
1066	0.701764	0.01024
1069	0.70212	0.0086
1072	0.702308	0.009824
1075	0.702168	0.007116
1078	0.702252	0.006816
1081	0.701916	0.00676
1084	0.70188	0.007548
1087	0.701424	0.04356
1090	0.701964	0.01336
1093	0.70174	0.01034
1096	0.701984	0.0095
1099	0.701792	0.011048
1102	0.701508	0.010792
1105	0.70142	0.01014
1108	0.70134	0.009672
1111	0.700228	0.046772
1114	0.7008	0.013728
1117	0.700692	0.012552
1120	0.701244	0.011736
1123	0.702196	0.01188
1126	0.701588	0.012556
1129	0.701008	0.016248
1132	0.701248	0.018688
1135	0.701588	0.056104
1138	0.701372	0.021448
1141	0.701196	0.018692
1144	0.701224	0.01544
1147	0.701108	0.014272
1150	0.701248	0.014228
1153	0.701832	0.0152
1156	0.701696	0.014208
1159	0.701748	0.015832
1162	0.701108	0.049368
1165	0.7009	0.018672
1168	0.701296	0.017936
1171	0.701776	0.01618
1174	0.701824	0.01446
1177	0.701664	0.013172
1180	0.701624	0.012472
1183	0.701588	0.012764
1186	0.70176	0.052932
1189	0.702	0.017084
1192	0.701648	0.013724
1195	0.701548	0.012472
1198	0.701688	0.010976
1201	0.701656	0.007116
1204	0.701376	0.005916
1207	0.70154	0.00474
1210	0.702628	0.043996
1213	0.702156	0.0089
1216	0.701936	0.007544
1219	0.701904	0.005312
1222	0.7018	0.005856
1225	0.701776	0.006784
1228	0.702064	0.00946
1231	0.70214	0.0102
1234	0.701572	0.01148
1237	0.70022	0.042336
1240	0.699844	0.012768
1243	0.700088	0.013636
1246	0.700564	0.011788
1249	0.700484	0.011268
1252	0.70042	0.008948
1255	0.700704	0.008444
1258	0.700932	0.008552
1261	0.70024	0.046804
1264	0.700768	0.010084
1267	0.700436	0.010332
1270	0.700524	0.008964
1273	0.700852	0.008208
1276	0.701548	0.010112
1279	0.701776	0.012368
1282	0.701968	0.011412
1285	0.702224	0.045868
1288	0.702076	0.014764
1291	0.702308	0.013464
1294	0.702496	0.013
1297	0.702068	0.015208
1300	0.702368	0.013344
1303	0.702784	0.01252
1306	0.702704	0.010088
1309	0.702292	0.010112
1312	0.701088	0.04538
1315	0.700628	0.013904
1318	0.700772	0.01006
1321	0.700832	0.008504
1324	0.701112	0.00734
1327	0.701548	0.005748
1330	0.701824	0.005896
1333	0.701944	0.00602
1336	0.702556	0.049176
1339	0.702684	0.013804
1342	0.702792	0.012544
1345	0.702756	0.011396
1348	0.702392	0.011472
1351	0.702488	0.012304
1354	0.702088	0.014556
1357	0.702196	0.015644
1360	0.7014	0.063336
1363	0.701024	0.02238
1366	0.701	0.021352
1369	0.700444	0.018216
1372	0.7012	0.019412
1375	0.701048	0.01556
1378	0.701044	0.013188
1381	0.701336	0.01254
1384	0.701644	0.01084
1387	0.703528	0.048368
1390	0.703272	0.015104
1393	0.703152	0.010788
1396	0.70352	0.0129
1399	0.7039	0.010004
1402	0.70392	0.007996
1405	0.704208	0.008168
1408	0.704412	0.00902
1411	0.703616	0.047584
1414	0.703592	0.01602
1417	0.703408	0.018448
1420	0.70338	0.01982
1423	0.703524	0.024428
1426	0.703076	0.032332
1429	0.703736	0.045008
1432	0.703152	0.052444
1435	0.704292	0.091476
1438	0.704872	0.067224
1441	0.704928	0.081248
1444	0.7065	0.093248
1447	0.708172	0.1014
1450	0.70862	0.108444
1453	0.709008	0.111764
1456	0.708716	0.122084
1459	0.709416	0.126912
1462	0.710916	0.149516
1465	0.711512	0.149812
1468	0.712624	0.18102
1471	0.7142	0.194868
1474	0.713816	0.211108
1477	0.714492	0.216544
1480	0.714992	0.21982
1483	0.716744	0.230812
1486	0.719228	0.244424
1489	0.72198	0.248192
1492	0.725016	0.266228
1495	0.727516	0.274332
1498	0.726132	0.27952
1501	0.725068	0.278248
1504	0.725476	0.285792
1507	0.727496	0.28716
1510	0.731348	0.293304
1513	0.73224	0.284096
1516	0.733888	0.30702
1519	0.734396	0.296008
1522	0.733324	0.310968
1525	0.735736	0.29772
1528	0.737364	0.30086
1531	0.735412	0.303248
1534	0.734872	0.303596
1537	0.733652	0.313112
1540	0.73448	0.318228
1543	0.73574	0.32696
1546	0.739252	0.336796
1549	0.73864	0.370832
1552	0.74236	0.343516
1555	0.745784	0.34352
1558	0.746692	0.344136
1561	0.744816	0.347288
1564	0.742992	0.343848
1567	0.742568	0.348504
1570	0.743616	0.356648
1573	0.744616	0.36868
1576	0.746312	0.373836
1579	0.748832	0.37576
1582	0.747092	0.382484
1585	0.748432	0.384196
1588	0.746264	0.380812
1591	0.74504	0.386788
1594	0.739988	0.39208
1597	0.734668	0.397028
1600	0.73344	0.4052
1603	0.734324	0.413552
1606	0.736124	0.41986
1609	0.736116	0.421592
1612	0.737508	0.423576
1615	0.7411	0.410876
1618	0.739692	0.3958
1621	0.740084	0.39476
1624	0.746568	0.388196
1627	0.746912	0.378896
1630	0.743348	0.379148
1633	0.739044	0.37714
1636	0.741504	0.383864
1639	0.743324	0.374328
1642	0.742692	0.373024
1645	0.74252	0.362848
1648	0.741124	0.350592
1651	0.737972	0.343072
1654	0.735496	0.34586
1657	0.729592	0.348068
1660	0.729056	0.3537
1663	0.731492	0.343
1666	0.734124	0.347372
1669	0.736568	0.351744
1672	0.740676	0.356148
1675	0.736548	0.356228
1678	0.730316	0.354672
1681	0.727016	0.35576
1684	0.723308	0.352188
1687	0.721368	0.35466
1690	0.72072	0.349644
1693	0.72562	0.357724
1696	0.721408	0.349692
1699	0.719708	0.338948
1702	0.722908	0.336152
1705	0.720788	0.338684
1708	0.721396	0.330128
1711	0.717536	0.327068
1714	0.714624	0.327108
1717	0.713172	0.323532
1720	0.718892	0.315224
1723	0.72028	0.313124
1726	0.729008	0.3121
1729	0.735648	0.310488
1732	0.728664	0.346896
1735	0.6961	0.369004
1738	0.692564	0.3363
1741	0.686344	0.346508
1744	0.675316	0.341816
1747	0.63732	0.363956
1750	0.629676	0.31972
1753	0.598964	0.338008
1756	0.582628	0.322564
1759	0.569824	0.31462
1762	0.552532	0.308228
1765	0.54046	0.309668
1768	0.558608	0.304588
1771	0.573988	0.308672
1774	0.590536	0.3096
1777	0.611296	0.299752
1780	0.623584	0.284928
1783	0.622848	0.269712
1786	0.617504	0.26644
1789	0.614528	0.24194
1792	0.602796	0.230768
1795	0.595208	0.221548
1798	0.594676	0.226816
1801	0.60132	0.244732
1804	0.60658	0.253364
1807	0.606516	0.258492
1810	0.60312	0.281028
1813	0.602976	0.253856
1816	0.60078	0.254
1819	0.592488	0.260752
1822	0.579296	0.257196
1825	0.555228	0.257252
1828	0.532784	0.260264
1831	0.52604	0.258868
1834	0.520096	0.250284
1837	0.499336	0.241464
1840	0.49796	0.224792
1843	0.499204	0.211576
1846	0.510556	0.190732
1849	0.515632	0.173564
1852	0.52008	0.15886
1855	0.514108	0.160412
1858	0.499016	0.167076
1861	0.500216	0.178208
1864	0.493188	0.16586
1867	0.487764	0.164804
1870	0.492788	0.179016
1873	0.503252	0.18442
1876	0.519904	0.186836
1879	0.53104	0.196244
1882	0.527768	0.21772
1885	0.511348	0.23808
1888	0.513728	0.234364
1891	0.521272	0.247712
1894	0.528488	0.25284
1897	0.510132	0.279924
1900	0.512344	0.303264
1903	0.549696	0.328612
1906	0.59372	0.353248
1909	0.619116	0.346192
1912	0.633348	0.33962
1915	0.654508	0.3219
1918	0.677424	0.30804
1921	0.689984	0.290356
1924	0.666288	0.30114
1927	0.643204	0.252484
1930	0.611296	0.236984
1933	0.527704	0.241868
1936	0.469664	0.211496
1939	0.443388	0.183736
1942	0.430976	0.166584
1945	0.426644	0.147832
1948	0.416324	0.133972
1951	0.394436	0.113864
1954	0.379184	0.09658
1957	0.365648	0.075868
1960	0.364828	0.080568
1963	0.360768	0.053756
1966	0.354056	0.046076
1969	0.342388	0.03436
1972	0.326576	0.023032
1975	0.311916	0.011028
1978	0.301684	0.006816
1981	0.294184	0.006724
1984	0.27974	0.00674
1987	0.247696	0.015548
1990	0.24584	0.008268
1993	0.24476	0.008344
1996	0.240004	0.00902
1999	0.22644	0.010132
2002	0.235748	0.03724
2005	0.255684	0.063888
2008	0.281776	0.098496
2011	0.317592	0.131944
2014	0.398332	0.162956
2017	0.4661	0.177992
2020	0.507076	0.19804
2023	0.5433	0.226812
2026	0.596292	0.261468
2029	0.6399	0.272588
2032	0.650404	0.265168
2035	0.663704	0.271024
2038	0.668296	0.262188
2041	0.638952	0.256204
2044	0.566936	0.215516
2047	0.506332	0.19352
2050	0.473392	0.178864
2053	0.435144	0.158564
2056	0.398472	0.141432
2059	0.362744	0.116396
2062	0.320124	0.104436
2065	0.310384	0.081492
2068	0.305324	0.063124
2071	0.302392	0.054448
2074	0.292536	0.04278
2077	0.275916	0.028448
2080	0.2533	0.022188
2083	0.239864	0.012604
2086	0.230456	0.01556
2089	0.229804	0.009328
2092	0.22994	0.007716
2095	0.23006	0.008696
2098	0.234324	0.009604
2101	0.246024	0.021064
2104	0.261924	0.033088
2107	0.280252	0.044404
2110	0.3112	0.06854
2113	0.371076	0.067852
2116	0.472992	0.079708
2119	0.575984	0.085984
2122	0.651308	0.096192
2125	0.697664	0.108928
2128	0.735116	0.129848
2131	0.751572	0.13208
2134	0.764532	0.144448
2137	0.770748	0.148284
2140	0.769792	0.148304
2143	0.765804	0.153812
2146	0.7669	0.159508
2149	0.769108	0.159804
2152	0.760244	0.171504
2155	0.722656	0.187116
2158	0.674676	0.202728
2161	0.63612	0.2061
2164	0.626808	0.188648
2167	0.61996	0.174728
2170	0.616588	0.160164
2173	0.612164	0.144208
2176	0.570444	0.1493
2179	0.496384	0.127736
2182	0.429848	0.097136
2185	0.340164	0.112964
2188	0.322752	0.065272
2191	0.3049	0.057772
2194	0.286236	0.045676
2197	0.270628	0.03646
2200	0.257928	0.027648
2203	0.251016	0.018956
2206	0.246684	0.016028
2209	0.240668	0.011808
2212	0.22158	0.0145
2215	0.220684	0.004672
2218	0.219456	0.003864
2221	0.220588	0.003912
2224	0.21966	0.004552
2227	0.218396	0.003896
2230	0.217668	0.0052
2233	0.21738	0.004108
2236	0.21724	0.009408
2239	0.218652	0.004876
2242	0.218784	0.005948
2245	0.219736	0.005392
2248	0.220424	0.0061
2251	0.221768	0.006076
2254	0.222728	0.008204
2257	0.22126	0.007696
2260	0.222588	0.014584
2263	0.222768	0.008564
2266	0.229388	0.018172
2269	0.245528	0.041088
2272	0.265344	0.065196
2275	0.292412	0.08638
2278	0.317804	0.10132
2281	0.331564	0.110012
2284	0.342296	0.111928
2287	0.339464	0.121804
2290	0.3447	0.113284
2293	0.33902	0.111644
2296	0.326308	0.10694
2299	0.320428	0.115028
2302	0.320372	0.124032
2305	0.319684	0.126412
2308	0.3141	0.118628
2311	0.301668	0.125612
2314	0.302244	0.11584
2317	0.301936	0.106972
2320	0.294184	0.097676
2323	0.28982	0.087824
2326	0.287224	0.077824
2329	0.2747	0.06954
2332	0.253404	0.059456
2335	0.2319	0.057784
2338	0.227324	0.042252
2341	0.225356	0.037852
2344	0.221768	0.03262
2347	0.217684	0.027576
2350	0.22118	0.031072
2353	0.227924	0.037308
2356	0.239888	0.034572
2359	0.248164	0.029824
2362	0.248012	0.031092
2365	0.24068	0.024404
2368	0.23108	0.02334
2371	0.22246	0.022628
2374	0.217572	0.021472
2377	0.21418	0.020276
2380	0.210324	0.01906
2383	0.211032	0.029492
2386	0.2154	0.063576
2389	0.262388	0.083692
2392	0.334012	0.098824
2395	0.415076	0.09944
2398	0.463572	0.092556
2401	0.48512	0.088288
2404	0.49506	0.087376
2407	0.49916	0.08178
2410	0.439508	0.093708
2413	0.406476	0.071688
2416	0.3579	0.054044
2419	0.304452	0.04574
2422	0.263852	0.03222
2425	0.239068	0.021612
2428	0.223308	0.013292
2431	0.215748	0.00806
2434	0.221548	0.033028
2437	0.23148	0.067844
2440	0.261	0.072132
2443	0.281492	0.07124
2446	0.287584	0.06842
2449	0.279108	0.065308
2452	0.252776	0.062068
2455	0.236684	0.058212
2458	0.23624	0.056092
2461	0.22792	0.05822
2464	0.220228	0.043352
2467	0.21822	0.036696
2470	0.21948	0.028564
2473	0.212176	0.0208
2476	0.207656	0.023692
2479	0.21124	0.0325
2482	0.229516	0.030844
2485	0.242188	0.036248
2488	0.24456	0.028248
2491	0.237188	0.02644
2494	0.230892	0.02542
2497	0.224444	0.024392
2500	0.218052	0.023688
2503	0.217108	0.021468
2506	0.213716	0.022708
2509	0.220544	0.04048
2512	0.229208	0.068216
2515	0.259232	0.090592
2518	0.286624	0.104028
2521	0.324992	0.102968
2524	0.3781	0.104476
2527	0.406464	0.103492
2530	0.417296	0.09936
2533	0.42306	0.09634
2536	0.411708	0.101048
2539	0.401064	0.092524
2542	0.358972	0.092124
2545	0.32452	0.092464
2548	0.275492	0.0818
2551	0.26272	0.070884
2554	0.25656	0.057908
2557	0.250424	0.044676
2560	0.215464	0.044276
2563	0.203896	0.025276
2566	0.195412	0.01546
2569	0.191116	0.005796
2572	0.189788	0.002112
2575	0.189424	0.001088
2578	0.189412	0.000996
2581	0.189584	0.000648
2584	0.1894	0.001052
2587	0.18864	0.007696
2590	0.188856	0.001324
2593	0.188544	0.001268
2596	0.188716	0.00114
2599	0.188712	0.001576
2602	0.188456	0.000612
2605	0.18816	0.000752
2608	0.188028	0.000624
2611	0.186796	0.006396
2614	0.18716	0.001756
2617	0.187372	0.001624
2620	0.1877	0.001488
2623	0.189956	0.00406
2626	0.209628	0.026972
2629	0.23094	0.053892
2632	0.249968	0.06774
2635	0.25508	0.076872
2638	0.265212	0.090928
2641	0.289168	0.112196
2644	0.324224	0.155236
2647	0.372872	0.189024
2650	0.422592	0.212448
2653	0.485088	0.218676
2656	0.52412	0.218112
2659	0.543716	0.214572
2662	0.550912	0.21424
2665	0.538404	0.195648
2668	0.532112	0.1943
2671	0.533432	0.191312
2674	0.52418	0.184776
2677	0.492844	0.18328
2680	0.446528	0.177792
2683	0.411884	0.153364
2686	0.36864	0.160532
2689	0.37558	0.12566
2692	0.38868	0.106544
2695	0.39698	0.096516
2698	0.391448	0.088264
2701	0.374468	0.074772
2704	0.360136	0.062216
2707	0.351496	0.051076
2710	0.344472	0.047764
2713	0.346372	0.040084
2716	0.34674	0.039088
2719	0.341592	0.041224
2722	0.320268	0.038152
2725	0.307352	0.038452
2728	0.30662	0.04828
2731	0.30868	0.059252
2734	0.310356	0.075344
2737	0.289584	0.086384
2740	0.293632	0.080416
2743	0.296884	0.0789
2746	0.299892	0.078308
2749	0.309352	0.085224
2752	0.314272	0.08724
2755	0.316448	0.08494
2758	0.318324	0.085084
2761	0.306524	0.089184
2764	0.304556	0.078924
2767	0.296252	0.076708
2770	0.291296	0.066572
2773	0.288276	0.066332
2776	0.28296	0.066196
2779	0.27864	0.064108
2782	0.273688	0.059084
2785	0.260844	0.069712
2788	0.259032	0.054856
2791	0.257708	0.051292
2794	0.255296	0.048436
2797	0.25292	0.045412
2800	0.251992	0.041196
2803	0.250616	0.039384
2806	0.250352	0.03458
2809	0.250748	0.027148
2812	0.247648	0.039756
2815	0.247948	0.02094
2818	0.247936	0.017616
2821	0.247776	0.011912
2824	0.247992	0.01186
2827	0.247272	0.010024
2830	0.246136	0.014628
2833	0.245564	0.016472
2836	0.24692	0.034116
2839	0.24724	0.013596
2842	0.24712	0.011912
2845	0.246896	0.011916
2848	0.246572	0.010976
2851	0.248348	0.011612
2854	0.248064	0.01128
2857	0.244852	0.012016
2860	0.242708	0.035216
2863	0.242784	0.012776
2866	0.243872	0.014844
2869	0.244772	0.01952
2872	0.245136	0.017164
2875	0.245212	0.016176
2878	0.250108	0.018516
2881	0.263648	0.028672
2884	0.272384	0.034992
2887	0.278996	0.064908
2890	0.28124	0.041964
2893	0.280648	0.039952
2896	0.277848	0.03552
2899	0.273392	0.031968
2902	0.270112	0.029408
2905	0.26706	0.02542
2908	0.266152	0.025664
2911	0.2614	0.051404
2914	0.261472	0.024628
2917	0.261304	0.024708
2920	0.260096	0.025208
2923	0.260412	0.02488
2926	0.259712	0.023652
2929	0.2597	0.024996
2932	0.262248	0.02668
2935	0.26048	0.053856
2938	0.258268	0.027584
2941	0.2615	0.02818
2944	0.26782	0.030276
2947	0.278264	0.037544
2950	0.291596	0.04492
2953	0.304064	0.050088
2956	0.327612	0.053524
2959	0.40398	0.056552
2962	0.473768	0.095024
2965	0.539056	0.058864
2968	0.600976	0.064488
2971	0.629472	0.065288
2974	0.67264	0.069328
2977	0.688936	0.070696
2980	0.697148	0.07324
2983	0.717516	0.075592
2986	0.73936	0.134444
2989	0.742648	0.098076
2992	0.748256	0.105692
2995	0.751224	0.118624
2998	0.752692	0.129424
3001	0.75694	0.13196
3004	0.7577	0.135192
3007	0.756232	0.146196
3010	0.754864	0.173688
3013	0.750512	0.14528
3016	0.751264	0.153244
3019	0.752116	0.15804
3022	0.752064	0.15054
3025	0.754268	0.14368
3028	0.756296	0.138932
3031	0.758376	0.12998
3034	0.759108	0.128636
3037	0.762236	0.155404
3040	0.762664	0.135016
3043	0.763656	0.12318
3046	0.76454	0.108008
3049	0.76394	0.095176
3052	0.76346	0.084152
3055	0.762908	0.082912
3058	0.7621	0.087396
3061	0.762548	0.128944
3064	0.757088	0.095036
3067	0.75474	0.10396
3070	0.754484	0.111336
3073	0.7534	0.113992
3076	0.751696	0.110388
3079	0.750604	0.11158
3082	0.749984	0.118
3085	0.750864	0.16556
3088	0.752176	0.121052
3091	0.752972	0.1221
3094	0.753008	0.117856
3097	0.752908	0.107108
3100	0.752112	0.09636
3103	0.752956	0.089408
3106	0.75294	0.08186
3109	0.752604	0.07456
3112	0.751992	0.109664
3115	0.750976	0.065828
3118	0.750468	0.057412
3121	0.749408	0.054272
3124	0.74832	0.052992
3127	0.749604	0.057636
3130	0.74914	0.056636
3133	0.74558	0.055464
3136	0.745408	0.094948
3139	0.744628	0.050632
3142	0.743644	0.048068
3145	0.744276	0.044032
3148	0.744856	0.044356
3151	0.745264	0.040036
3154	0.744532	0.038836
3157	0.74512	0.0379
3160	0.744092	0.093972
3163	0.744676	0.043688
3166	0.745072	0.039188
3169	0.744348	0.034612
3172	0.744	0.030228
3175	0.74372	0.034948
3178	0.741776	0.040624
3181	0.741004	0.042876
3184	0.73862	0.047508
3187	0.736952	0.099428
3190	0.734772	0.057544
3193	0.733548	0.0535
3196	0.733436	0.048372
3199	0.73272	0.043308
3202	0.732196	0.036224
3205	0.731772	0.03416
3208	0.73128	0.03174
3211	0.731304	0.080316
3214	0.731172	0.027632
3217	0.730768	0.021852
3220	0.730544	0.020152
3223	0.730012	0.018144
3226	0.729272	0.01784
3229	0.728732	0.02084
3232	0.728224	0.020552
3235	0.728592	0.073464
3238	0.728784	0.018816
3241	0.728836	0.01422
3244	0.728536	0.012688
3247	0.72816	0.0135
3250	0.727684	0.011212
3253	0.728188	0.012336
3256	0.727652	0.011532
3259	0.727696	0.009188
3262	0.727908	0.054968
3265	0.727908	0.010428
3268	0.727572	0.010412
3271	0.7273	0.008592
3274	0.727272	0.009296
3277	0.727732	0.009396
3280	0.728116	0.0063
3283	0.72842	0.00848
3286	0.731408	0.0539
3289	0.731616	0.009568
3292	0.731496	0.009044
3295	0.731224	0.008356
3298	0.731048	0.008588
3301	0.730916	0.007728
3304	0.731096	0.00792
3307	0.731008	0.006608
3310	0.731156	0.051968
3313	0.7298	0.015296
3316	0.72996	0.014096
3319	0.729852	0.013712
3322	0.729468	0.01464
3325	0.730072	0.014216
3328	0.73032	0.015972
3331	0.730716	0.015496
3334	0.730296	0.016156
3337	0.730676	0.053104
3340	0.730632	0.02234
3343	0.73072	0.019844
3346	0.730444	0.018772
3349	0.729892	0.016896
3352	0.729096	0.016856
3355	0.729076	0.017796
3358	0.729076	0.017272
3361	0.729216	0.053492
3364	0.728956	0.021016
3367	0.729092	0.019424
3370	0.729184	0.015076
3373	0.73038	0.013604
3376	0.730708	0.010432
3379	0.730732	0.0068
3382	0.730872	0.00668
3385	0.731704	0.047956
3388	0.731568	0.012012
3391	0.731464	0.010012
3394	0.731264	0.00896
3397	0.73098	0.007384
3400	0.731208	0.004996
3403	0.73116	0.006024
3406	0.731056	0.005392
3409	0.731156	0.005704
3412	0.73156	0.041292
3415	0.731452	0.008884
3418	0.731324	0.007396
3421	0.73146	0.008704
3424	0.73142	0.004916
3427	0.731304	0.003992
3430	0.731416	0.003312
3433	0.73212	0.004036
3436	0.735752	0.045956
3439	0.735576	0.00684
3442	0.735652	0.006884
3445	0.735824	0.004636
3448	0.735764	0.003696
3451	0.735876	0.003484
3454	0.73586	0.003812
3457	0.735716	0.004284
3460	0.73584	0.042204
3463	0.73596	0.011744
3466	0.735868	0.010068
3469	0.735808	0.007908
3472	0.73548	0.00764
3475	0.735536	0.004524
3478	0.735216	0.002748
3481	0.735032	0.003316
3484	0.734992	0.002356
3487	0.735652	0.033824
3490	0.735644	0.006344
3493	0.735292	0.00402
3496	0.735096	0.003852
3499	0.73494	0.002048
3502	0.735208	0.002916
3505	0.735032	0.002896
3508	0.73486	0.003228
3511	0.73546	0.032732
3514	0.735564	0.005532
3517	0.735468	0.00258
3520	0.735512	0.001912
3523	0.73548	0.001624
3526	0.735312	0.001044
3529	0.735076	0.000712
3532	0.73522	0.000808
3535	0.735276	0.03256
3538	0.735244	0.003852
3541	0.734972	0.003652
3544	0.734956	0.003656
3547	0.734956	0.005492
3550	0.734736	0.005628
3553	0.734568	0.004668
3556	0.734612	0.005684
3559	0.73448	0.00564
3562	0.734532	0.02878
3565	0.734528	0.005908
3568	0.73474	0.004692
3571	0.735076	0.034544
3574	0.735152	0.006096
3577	0.734652	0.004528
3580	0.734784	0.00546
3583	0.734676	0.00588
3586	0.734196	0.006116
3589	0.734404	0.0053
3592	0.734388	0.006132
3595	0.734368	0.036232
3598	0.734424	0.007656
3601	0.734352	0.00624
3604	0.734372	0.00348
3607	0.734688	0.004148
3610	0.734676	0.002916
3613	0.73518	0.004004
3616	0.73534	0.0051
3619	0.735952	0.038924
3622	0.735796	0.01364
3625	0.735656	0.013568
3628	0.735448	0.009612
3631	0.734776	0.00808
3634	0.734476	0.0076
3637	0.734264	0.007232
3640	0.734148	0.007068
3643	0.734132	0.006876
3646	0.734376	0.035512
3649	0.734528	0.011096
3652	0.734832	0.008128
3655	0.734784	0.007224
3658	0.734848	0.006028
3661	0.734696	0.004968
3664	0.73504	0.003656
3667	0.735	0.004904
3670	0.735272	0.034904
3673	0.73474	0.010504
3676	0.734556	0.011156
3679	0.734988	0.00984
3682	0.734852	0.012664
3685	0.734672	0.00976
3688	0.734676	0.007268
3691	0.734396	0.004184
3694	0.735124	0.03606
3697	0.734376	0.018916
3700	0.734604	0.025136
3703	0.734896	0.028632
3706	0.734516	0.030612
3709	0.73378	0.030416
3712	0.73328	0.029952
3715	0.733028	0.027884
3718	0.732752	0.028332
3721	0.732424	0.052264
3724	0.732712	0.029428
3727	0.733084	0.02728
3730	0.733032	0.026744
3733	0.732568	0.026348
3736	0.731988	0.02686
3739	0.731528	0.025568
3742	0.73136	0.025496
3745	0.732036	0.047748
3748	0.73192	0.023784
3751	0.7319	0.021412
3754	0.7313	0.018244
3757	0.73142	0.01448
3760	0.73116	0.005424
3763	0.730284	0.006228
3766	0.729104	0.006364
3769	0.729792	0.042016
3772	0.730296	0.013712
3775	0.730716	0.017128
3778	0.730904	0.018204
3781	0.732224	0.020816
3784	0.732128	0.018536
3787	0.731632	0.019284
3790	0.731528	0.01682
3793	0.731508	0.017988
3796	0.730784	0.059732
3799	0.729972	0.034504
3802	0.729288	0.03614
3805	0.72874	0.037516
3808	0.729012	0.039064
3811	0.72878	0.037928
3814	0.729316	0.033508
3817	0.72922	0.029376
3820	0.733256	0.07578
3823	0.733112	0.018064
3826	0.733464	0.009032
3829	0.733516	0.005868
3832	0.733764	0.00514
3835	0.733248	0.005972
3838	0.732732	0.005404
3841	0.732484	0.005564
3844	0.732836	0.044608
3847	0.732516	0.01224
3850	0.732772	0.0098
3853	0.732916	0.007884
3856	0.73252	0.008236
3859	0.732168	0.00852
3862	0.732768	0.008556
3865	0.732416	0.0116
3868	0.732688	0.01146
3871	0.73426	0.042632
3874	0.734472	0.01348
3877	0.734916	0.010156
3880	0.735012	0.012052
3883	0.734528	0.012468
3886	0.734248	0.008692
3889	0.734412	0.008392
3892	0.734176	0.012248
3895	0.73376	0.048988
3898	0.73384	0.022996
3901	0.731628	0.02434
3904	0.733164	0.02068
3907	0.733736	0.017312
3910	0.733912	0.013328
3913	0.733544	0.011828
3916	0.733428	0.01064
3919	0.733436	0.046196
3922	0.733748	0.014384
3925	0.733928	0.010632
3928	0.734144	0.010292
3931	0.733072	0.01044
3934	0.733468	0.009316
3937	0.734096	0.00616
3940	0.734144	0.007828
3943	0.733892	0.008288
3946	0.734076	0.034264
3949	0.73442	0.007268
3952	0.734184	0.005388
3955	0.73424	0.004716
3958	0.734196	0.007
3961	0.733892	0.008744
3964	0.733564	0.008956
3967	0.734056	0.00646
3970	0.735204	0.041124
3973	0.734848	0.00876
3976	0.735152	0.00668
3979	0.735128	0.008328
3982	0.733584	0.010844
3985	0.730824	0.012172
3988	0.733472	0.008892
3991	0.735096	0.005928
3994	0.734504	0.039928
3997	0.734308	0.00666
4000	0.73416	0.005236
4003	0.734148	0.003968
4006	0.73414	0.004756
4009	0.734136	0.003324
4012	0.734272	0.002332
4015	0.734228	0.004468
4018	0.734132	0.007752
4021	0.73416	0.042164
4024	0.733736	0.014288
4027	0.734272	0.012804
4030	0.733504	0.012056
4033	0.73394	0.012268
4036	0.734036	0.012532
4039	0.733704	0.010472
4042	0.734152	0.00876
4045	0.733708	0.040764
4048	0.73356	0.007588
4051	0.733428	0.004532
4054	0.733444	0.00268
4057	0.733464	0.002952
4060	0.733396	0.003252
4063	0.733572	0.005992
4066	0.73364	0.007456
4069	0.733492	0.051056
4072	0.73314	0.009508
4075	0.733404	0.007412
4078	0.733384	0.00468
4081	0.733532	0.004412
4084	0.733476	0.006296
4087	0.73362	0.008324
4090	0.733588	0.0079
4093	0.733528	0.007412
4096	0.735284	0.04272
4099	0.735216	0.013612
4102	0.734508	0.010364
4105	0.734644	0.009092
4108	0.734304	0.008776
4111	0.733868	0.006828
4114	0.733488	0.006428
4117	0.733432	0.00776
4120	0.732292	0.040528
4123	0.732092	0.01086
4126	0.732316	0.01002
4129	0.732108	0.016104
4132	0.731792	0.022064
4135	0.731276	0.028064
4138	0.730796	0.034684
4141	0.730064	0.039808
4144	0.73056	0.082888
4147	0.730152	0.052076
4150	0.729728	0.054752
4153	0.72938	0.057772
4156	0.728916	0.060168
4159	0.727872	0.064188
4162	0.727384	0.074276
4165	0.727012	0.080044
4168	0.726648	0.085292
4171	0.726256	0.114668
4174	0.726712	0.101448
4177	0.728248	0.091428
4180	0.728016	0.102004
4183	0.732492	0.095484
4186	0.73644	0.106964
4189	0.738132	0.113016
4192	0.739068	0.104448
4195	0.739176	0.140276
4198	0.738992	0.131124
4201	0.737732	0.15836
4204	0.736272	0.173384
4207	0.735192	0.19546
4210	0.734864	0.211048
4213	0.736936	0.22758
4216	0.737072	0.245228
4219	0.741124	0.259688
4222	0.743836	0.248028
4225	0.747632	0.262276
4228	0.751464	0.261324
4231	0.756428	0.27262
4234	0.75816	0.287968
4237	0.757232	0.295352
4240	0.756048	0.321308
4243	0.759412	0.339248
4246	0.759048	0.325736
4249	0.751532	0.348348
4252	0.74764	0.351044
4255	0.744132	0.373668
4258	0.74446	0.370004
4261	0.7438	0.389464
4264	0.74428	0.37824
4267	0.747056	0.379388
4270	0.748168	0.375844
4273	0.750504	0.381772
4276	0.752152	0.385192
4279	0.752348	0.393576
4282	0.757236	0.3981
4285	0.763108	0.395388
4288	0.764604	0.399032
4291	0.766216	0.39242
4294	0.761564	0.402468
4297	0.756396	0.380332
4300	0.750564	0.382336
4303	0.748824	0.384032
4306	0.74244	0.383644
4309	0.744504	0.377788
4312	0.748836	0.37166
4315	0.746148	0.369132
4318	0.740336	0.383944
4321	0.739624	0.38124
4324	0.735808	0.379348
4327	0.737128	0.381808
4330	0.737184	0.361956
4333	0.737168	0.36712
4336	0.734748	0.364272
4339	0.72976	0.360832
4342	0.726284	0.357496
4345	0.72138	0.36558
4348	0.717164	0.361316
4351	0.71644	0.35998
4354	0.717356	0.354752
4357	0.718404	0.350884
4360	0.724856	0.343788
4363	0.7306	0.341276
4366	0.733156	0.3455
4369	0.73776	0.348892
4372	0.740664	0.347232
4375	0.741536	0.346532
4378	0.737684	0.358888
4381	0.744204	0.35202
4384	0.743372	0.35836
4387	0.744196	0.358356
4390	0.743632	0.36196
4393	0.734592	0.37948
4396	0.733324	0.36402
4399	0.730616	0.356576
4402	0.7238	0.34996
4405	0.71714	0.339068
4408	0.695516	0.346644
4411	0.68402	0.33572
4414	0.691208	0.332392
4417	0.706828	0.331392
4420	0.725316	0.342032
4423	0.727428	0.33756
4426	0.71548	0.342528
4429	0.709292	0.353544
4432	0.705924	0.35576
4435	0.703372	0.3518
4438	0.691596	0.346924
4441	0.685644	0.344664
4444	0.679728	0.35956
4447	0.666172	0.349024
4450	0.655976	0.347192
4453	0.64548	0.344888
4456	0.634308	0.343784
4459	0.62472	0.344144
4462	0.630628	0.34468
4465	0.634068	0.35272
4468	0.645964	0.362228
4471	0.648976	0.373416
4474	0.65532	0.371072
4477	0.65566	0.374388
4480	0.655248	0.379752
4483	0.657592	0.380836
4486	0.662712	0.399516
4489	0.666832	0.373524
4492	0.676908	0.37688
4495	0.684988	0.374264
4498	0.695232	0.377936
4501	0.70476	0.38304
4504	0.722688	0.386816
4507	0.73786	0.385376
4510	0.744556	0.387888
4513	0.755452	0.386144
4516	0.759212	0.373976
4519	0.756272	0.381604
4522	0.754316	0.3692
4525	0.751796	0.361048
4528	0.751692	0.367332
4531	0.750708	0.358368
4534	0.750948	0.355396
4537	0.755248	0.35072
4540	0.753272	0.340072
4543	0.75686	0.334832
4546	0.7493	0.33708
4549	0.745668	0.33406
4552	0.735968	0.339632
4555	0.728856	0.358164
4558	0.724244	0.390924
4561	0.724096	0.376292
4564	0.723108	0.397912
4567	0.72992	0.382812
4570	0.731252	0.396416
4573	0.728092	0.3693
4576	0.720008	0.3606
4579	0.706644	0.348996
4582	0.703652	0.348752
4585	0.704736	0.342676
4588	0.703776	0.336384
4591	0.707984	0.341968
4594	0.71574	0.34696
4597	0.721324	0.324824
4600	0.712664	0.326796
4603	0.70742	0.320316
4606	0.7069	0.316164
4609	0.708796	0.309028
4612	0.714092	0.306264
4615	0.718812	0.290156
4618	0.720908	0.28276
4621	0.720476	0.277136
4624	0.708536	0.273788
4627	0.695096	0.258576
4630	0.68858	0.265932
4633	0.681964	0.284124
4636	0.680432	0.28748
4639	0.684992	0.286544
4642	0.693428	0.292908
4645	0.69626	0.306484
4648	0.705064	0.3044
4651	0.707164	0.30708
4654	0.71442	0.303388
4657	0.72328	0.302732
4660	0.731536	0.299744
4663	0.73618	0.286772
4666	0.735948	0.279052
4669	0.719396	0.280552
4672	0.70856	0.260816
4675	0.6958	0.274084
4678	0.691336	0.25472
4681	0.669588	0.261948
4684	0.658148	0.26182
4687	0.648492	0.232972
4690	0.644692	0.228696
4693	0.650688	0.223012
4696	0.651308	0.233488
4699	0.65848	0.231612
4702	0.666748	0.233916
4705	0.671688	0.243268
4708	0.67972	0.247784
4711	0.691764	0.259984
4714	0.706124	0.283108
4717	0.709132	0.302184
4720	0.719816	0.321284
4723	0.722572	0.31704
4726	0.725956	0.320096
4729	0.731948	0.32956
4732	0.735288	0.3162
4735	0.737644	0.307252
4738	0.741904	0.293688
4741	0.740724	0.279004
4744	0.73998	0.281792
4747	0.718064	0.273484
4750	0.670284	0.260024
4753	0.602128	0.2483
4756	0.558012	0.20848
4759	0.478244	0.20992
4762	0.437304	0.1749
4765	0.405944	0.155064
4768	0.378328	0.138036
4771	0.345	0.127308
4774	0.332484	0.097832
4777	0.326388	0.082024
4780	0.323336	0.06482
4783	0.31462	0.050944
4786	0.301752	0.040184
4789	0.282688	0.029516
4792	0.273576	0.018236
4795	0.269988	0.017752
4798	0.266696	0.005844
4801	0.26624	0.001216
4804	0.266268	0.000636
4807	0.266596	0.000524
4810	0.25998	0.001064
4813	0.248356	0.000868
4816	0.2395	0.001244
4819	0.215068	0.006812
4822	0.21486	0.00126
4825	0.214392	0.001808
4828	0.2143	0.001944
4831	0.214296	0.001472
4834	0.21128	0.013908
4837	0.211288	0.005036
4840	0.211236	0.004256
4843	0.211048	0.005224
4846	0.210468	0.005412
4849	0.209792	0.004824
4852	0.209656	0.005152
4855	0.209444	0.004328
4858	0.209004	0.011036
4861	0.209256	0.00546
4864	0.208768	0.004844
4867	0.208784	0.005312
4870	0.208716	0.003908
4873	0.20894	0.005104
4876	0.208912	0.004748
4879	0.208604	0.00424
4882	0.208184	0.005036
4885	0.207716	0.007924
4888	0.20762	0.004804
4891	0.207448	0.004744
4894	0.207032	0.004792
4897	0.206504	0.0044
4900	0.206608	0.003136
4903	0.20664	0.003284
4906	0.206316	0.003148
4909	0.2048	0.006868
4912	0.203972	0.003036
4915	0.203596	0.005012
4918	0.213436	0.033884
4921	0.239764	0.058892
4924	0.271848	0.067864
4927	0.299072	0.092216
4930	0.31626	0.10776
4933	0.339108	0.132764
4936	0.38666	0.129036
4939	0.468168	0.132568
4942	0.512476	0.119532
4945	0.524568	0.114524
4948	0.531256	0.10802
4951	0.519924	0.098552
4954	0.50876	0.091488
4957	0.45458	0.085552
4960	0.395696	0.086656
4963	0.362148	0.063052
4966	0.29976	0.06526
4969	0.27928	0.070296
4972	0.28886	0.104496
4975	0.310232	0.128504
4978	0.335548	0.143656
4981	0.351132	0.145684
4984	0.350028	0.143188
4987	0.348288	0.133608
4990	0.34244	0.124892
4993	0.324724	0.120848
4996	0.304476	0.116816
4999	0.287472	0.1071
5002	0.275092	0.096736
5005	0.269192	0.088476
5008	0.257116	0.08592
5011	0.249848	0.068116
5014	0.2436	0.056716
5017	0.236404	0.041136
5020	0.232012	0.039364
5023	0.23032	0.039148
5026	0.239492	0.035884
5029	0.2495	0.031064
5032	0.256324	0.025
5035	0.247028	0.028972
5038	0.239632	0.023656
5041	0.231568	0.023284
5044	0.226692	0.022968
5047	0.236564	0.031836
5050	0.249616	0.049308
5053	0.262044	0.0658
5056	0.28432	0.077648
5059	0.32256	0.09924
5062	0.37726	0.101484
5065	0.430944	0.104976
5068	0.457236	0.116816
5071	0.491824	0.136072
5074	0.524792	0.15
5077	0.549488	0.161204
5080	0.567124	0.164352
5083	0.584144	0.171448
5086	0.572528	0.175968
5089	0.511772	0.181148
5092	0.407156	0.176688
5095	0.358212	0.15758
5098	0.32606	0.1469
5101	0.288956	0.13014
5104	0.250936	0.113164
5107	0.219624	0.091016
5110	0.203456	0.082232
5113	0.202948	0.0675
5116	0.205316	0.059892
5119	0.205408	0.043884
5122	0.192416	0.02958
5125	0.17346	0.019844
5128	0.1631	0.007284
5131	0.161572	0.000576
5134	0.15916	0.007832
5137	0.15948	0.000712
5140	0.15956	0.000408
5143	0.159908	0.000212
5146	0.16006	6.4e-05
5149	0.160148	9.2e-05
5152	0.16028	4.8e-05
5155	0.16042	3.2e-05
5158	0.160552	0.00636
5161	0.16126	0.000832
5164	0.161124	0.00034
5167	0.161556	0.000492
5170	0.161692	0.000236
5173	0.161712	0.000128
5176	0.161772	7.6e-05
5179	0.162124	4.4e-05
5182	0.161948	7.6e-05
5185	0.161524	0.00416
5188	0.161456	0.000308
5191	0.1615	0.000208
5194	0.161576	0.004072
5197	0.162056	0.000416
5200	0.161604	0.000368
5203	0.161732	0.000112
5206	0.1617	0.00018
5209	0.161888	8.8e-05
5212	0.161628	0.000136
5215	0.1617	5.6e-05
5218	0.161432	2.4e-05
5221	0.16172	0.005212
5224	0.161732	0.000956
5227	0.16168	0.000252
5230	0.161908	0.000436
5233	0.161796	6.8e-05
5236	0.161616	0.000108
5239	0.16144	0.000136
5242	0.161368	4.4e-05
5245	0.157624	0.004144
5248	0.157668	0.00026
5251	0.157824	0.000232
5254	0.157908	0.00014
5257	0.168584	0.016788
5260	0.187956	0.036224
5263	0.212444	0.055196
5266	0.242712	0.067824
5269	0.29516	0.076896
5272	0.320708	0.069064
5275	0.341736	0.067592
5278	0.35736	0.063948
5281	0.3672	0.06156
5284	0.371528	0.0582
5287	0.37384	0.05932
5290	0.381256	0.082848
5293	0.387108	0.102312
5296	0.403832	0.127948
5299	0.438148	0.11808
5302	0.493532	0.12046
5305	0.531128	0.109544
5308	0.558032	0.104564
5311	0.576732	0.09734
5314	0.593404	0.092168
5317	0.606576	0.084016
5320	0.634504	0.090304
5323	0.636244	0.07
5326	0.640036	0.068604
5329	0.63926	0.071624
5332	0.62948	0.087396
5335	0.623552	0.093464
5338	0.616784	0.09998
5341	0.609636	0.09732
5344	0.581912	0.112636
5347	0.587708	0.093832
5350	0.587908	0.10046
5353	0.5904	0.115936
5356	0.587228	0.131368
5359	0.58834	0.15054
5362	0.566672	0.173708
5365	0.558076	0.160436
5368	0.520708	0.161548
5371	0.507504	0.169076
5374	0.511	0.138992
5377	0.513408	0.130432
5380	0.514292	0.120568
5383	0.505444	0.114704
5386	0.497084	0.123604
5389	0.488712	0.12646
5392	0.480452	0.124796
5395	0.469456	0.15944
5398	0.477536	0.1323
5401	0.47928	0.122376
5404	0.48208	0.1188
5407	0.485948	0.114824
5410	0.4912	0.106756
5413	0.495612	0.099032
5416	0.50196	0.108148
5419	0.499996	0.15302
5422	0.510812	0.12542
5425	0.52454	0.119424
5428	0.531752	0.11648
5431	0.533708	0.12216
5434	0.533892	0.128556
5437	0.539944	0.12948
5440	0.54526	0.132188
5443	0.547924	0.136156
5446	0.551904	0.198328
5449	0.560836	0.153604
5452	0.568844	0.149668
5455	0.572012	0.13778
5458	0.576444	0.130692
5461	0.581084	0.126364
5464	0.591356	0.115104
5467	0.599856	0.103356
5470	0.621768	0.154424
5473	0.623908	0.093532
5476	0.626948	0.091224
5479	0.628564	0.09374
5482	0.629896	0.096428
5485	0.629044	0.095052
5488	0.628836	0.091868
5491	0.627728	0.091748
5494	0.640328	0.150876
5497	0.644256	0.096172
5500	0.662072	0.090244
5503	0.681824	0.0879
5506	0.691276	0.07688
5509	0.697648	0.071504
5512	0.701212	0.074952
5515	0.702512	0.073076
5518	0.703084	0.070728
5521	0.710812	0.147152
5524	0.710792	0.082708
5527	0.709416	0.086196
5530	0.70986	0.0771
5533	0.709912	0.084096
5536	0.708788	0.09182
5539	0.70814	0.083372
5542	0.708288	0.07756
5545	0.709704	0.140768
5548	0.70984	0.074512
5551	0.710024	0.066604
5554	0.7089	0.066844
5557	0.709112	0.068028
5560	0.70826	0.066096
5563	0.706796	0.073444
5566	0.705652	0.078568
5569	0.70108	0.161752
5572	0.698892	0.108452
5575	0.698252	0.10612
5578	0.698	0.107472
5581	0.69814	0.104764
5584	0.697912	0.09512
5587	0.698796	0.091732
5590	0.699676	0.086688
5593	0.70094	0.079472
5596	0.698872	0.142376
5599	0.69808	0.075672
5602	0.698212	0.06264
5605	0.697952	0.0619
5608	0.69736	0.06126
5611	0.695896	0.058828
5614	0.693548	0.057832
5617	0.6923	0.057844
5620	0.69002	0.123864
5623	0.689848	0.066372
5626	0.689128	0.057336
5629	0.68864	0.051976
5632	0.688664	0.049364
5635	0.68856	0.045932
5638	0.68906	0.038692
5641	0.689532	0.037444
5644	0.691984	0.118504
5647	0.691796	0.038648
5650	0.69222	0.038112
5653	0.68972	0.039956
5656	0.687784	0.040008
5659	0.68794	0.037852
5662	0.6881	0.035164
5665	0.688876	0.033792
5668	0.688968	0.030176
5671	0.689524	0.093168
5674	0.68952	0.034436
5677	0.689976	0.031028
5680	0.690444	0.03004
5683	0.689576	0.028356
5686	0.689656	0.0251
5689	0.689936	0.028172
5692	0.689712	0.026208
5695	0.690256	0.08866
5698	0.691448	0.03268
5701	0.689704	0.0301
5704	0.687504	0.021488
5707	0.687124	0.017996
5710	0.68452	0.018924
5713	0.681124	0.016924
5716	0.67988	0.014704
5719	0.680604	0.082372
5722	0.680716	0.007496
5725	0.680484	0.009208
5728	0.680548	0.006752
5731	0.680052	0.009312
5734	0.679624	0.006508
