1	0.3097	0.7013
4	0.3023	0.0553
7	0.301	0.0619
10	0.3116	0.0704
13	0.3307	0.0651
16	0.347	0.064
19	0.3575	0.0651
22	0.3706	0.0529
25	0.3854	0.0533
28	0.3856	0.0577
31	0.3819	0.0574
34	0.379	0.0546
37	0.3818	0.0525
40	0.3773	0.0496
43	0.3701	0.0471
46	0.3575	0.0538
49	0.3552	0.0362
52	0.3521	0.0348
55	0.3502	0.0345
58	0.353	0.0322
61	0.3522	0.0324
64	0.3488	0.032
67	0.349	0.0277
70	0.343	0.0395
73	0.3427	0.0235
76	0.3422	0.0256
79	0.3415	0.0307
82	0.3501	0.0411
85	0.3605	0.055
88	0.3774	0.065
91	0.3882	0.0712
94	0.403	0.111
97	0.4187	0.0822
100	0.4319	0.0733
103	0.4418	0.07
106	0.4451	0.0772
109	0.4471	0.078
112	0.4435	0.0854
115	0.439	0.091
118	0.428	0.0924
121	0.4235	0.1136
124	0.4294	0.0881
127	0.4353	0.0889
130	0.4447	0.092
133	0.4419	0.0846
136	0.4512	0.0787
139	0.4478	0.0742
142	0.4504	0.0712
145	0.4375	0.0824
148	0.4367	0.0588
151	0.4334	0.0583
154	0.4356	0.0567
157	0.4314	0.0551
160	0.424	0.0415
163	0.4203	0.0434
166	0.4165	0.0438
169	0.4016	0.0654
172	0.3988	0.0451
175	0.3967	0.0364
178	0.3965	0.034
181	0.3942	0.0301
184	0.3913	0.031
187	0.3869	0.0283
190	0.3858	0.0229
193	0.3836	0.0172
196	0.3781	0.0365
199	0.3784	0.0159
202	0.379	0.0113
205	0.3791	0.0111
208	0.3779	0.0094
211	0.3775	0.0093
214	0.3772	0.0099
217	0.377	0.0102
220	0.3786	0.0338
223	0.3777	0.0137
226	0.3784	0.0088
229	0.3766	0.0092
232	0.3761	0.0095
235	0.3769	0.0099
238	0.3751	0.0113
241	0.3755	0.0123
244	0.3751	0.0378
247	0.3765	0.0152
250	0.3753	0.0082
253	0.3773	0.0073
256	0.3762	0.0057
259	0.3775	0.0063
262	0.3768	0.0064
265	0.3755	0.0071
268	0.3747	0.0063
271	0.3687	0.0301
274	0.3676	0.008
277	0.367	0.0088
280	0.3722	0.0097
283	0.3755	0.0117
286	0.3787	0.0155
289	0.3784	0.0162
292	0.3773	0.0132
295	0.3682	0.0388
298	0.3647	0.0148
301	0.3599	0.0112
304	0.3611	0.0087
307	0.3625	0.0104
310	0.3638	0.0131
313	0.3647	0.0138
316	0.3654	0.012
319	0.3669	0.0428
322	0.3642	0.0168
325	0.3661	0.0144
328	0.3668	0.0155
331	0.3686	0.0147
334	0.3695	0.006
337	0.3688	0.0068
340	0.3739	0.0122
343	0.3778	0.0184
346	0.3771	0.0482
349	0.3822	0.0267
352	0.3849	0.0253
355	0.3901	0.0264
358	0.396	0.0205
361	0.3971	0.0176
364	0.3971	0.0185
367	0.3971	0.0162
370	0.3941	0.0417
373	0.3927	0.0171
376	0.393	0.0169
379	0.3884	0.0154
382	0.3891	0.0187
385	0.3941	0.0235
388	0.3995	0.0284
391	0.4086	0.0357
394	0.401	0.0601
397	0.412	0.0441
400	0.4151	0.0425
403	0.4191	0.0435
406	0.428	0.049
409	0.4358	0.0552
412	0.4443	0.064
415	0.4519	0.0688
418	0.4606	0.0767
421	0.4684	0.1247
424	0.4802	0.0974
427	0.489	0.1019
430	0.4978	0.1042
433	0.5091	0.1114
436	0.518	0.1146
439	0.521	0.1172
442	0.5287	0.1167
445	0.5347	0.1481
448	0.5383	0.1164
451	0.5445	0.1191
454	0.5511	0.1152
457	0.5567	0.1109
460	0.5602	0.1066
463	0.563	0.1009
466	0.5702	0.0906
469	0.5789	0.1231
472	0.578	0.0808
475	0.578	0.0757
478	0.5772	0.0718
481	0.5819	0.0776
484	0.5794	0.0676
487	0.5831	0.0654
490	0.5809	0.056
493	0.5814	0.0526
496	0.5742	0.0847
499	0.5742	0.0531
502	0.5721	0.0566
505	0.5728	0.0559
508	0.573	0.0537
511	0.572	0.0647
514	0.5751	0.071
517	0.5924	0.0669
520	0.62	0.1327
523	0.6376	0.0721
526	0.644	0.0756
529	0.6486	0.0738
532	0.6529	0.0717
535	0.6521	0.0704
538	0.6533	0.0682
541	0.6546	0.0709
544	0.6657	0.1245
547	0.666	0.069
550	0.6638	0.0699
553	0.6632	0.0591
556	0.6627	0.0557
559	0.661	0.0545
562	0.6592	0.0712
565	0.6584	0.0785
568	0.6602	0.0838
571	0.6546	0.1152
574	0.6566	0.0648
577	0.655	0.0438
580	0.6537	0.0334
583	0.6558	0.0345
586	0.6548	0.0396
589	0.6531	0.0399
592	0.6549	0.0439
595	0.6708	0.1048
598	0.6749	0.0535
601	0.675	0.0514
604	0.6792	0.0492
607	0.6881	0.0507
610	0.6963	0.0545
613	0.6957	0.0509
616	0.6986	0.056
619	0.7093	0.1194
622	0.7084	0.0627
625	0.71	0.0611
628	0.7089	0.0569
631	0.7094	0.0601
634	0.7126	0.0578
637	0.7153	0.0517
640	0.7165	0.0479
643	0.7135	0.053
646	0.7194	0.1036
649	0.7177	0.0504
652	0.7153	0.0549
655	0.7136	0.0517
658	0.7122	0.049
661	0.7102	0.0497
664	0.7096	0.0482
667	0.7075	0.0469
670	0.7088	0.0979
673	0.7078	0.0585
676	0.7069	0.0542
679	0.7045	0.0457
682	0.7064	0.0491
685	0.7067	0.0442
688	0.704	0.0414
691	0.7077	0.0434
694	0.7006	0.0979
697	0.7024	0.0513
700	0.7029	0.0426
703	0.7	0.042
706	0.7047	0.0383
709	0.7066	0.0346
712	0.7038	0.0365
715	0.7036	0.0363
718	0.7068	0.0224
721	0.7034	0.0732
724	0.7021	0.0294
727	0.7038	0.0246
730	0.7044	0.0196
733	0.7044	0.0131
736	0.7049	0.0136
739	0.7052	0.01
742	0.7049	0.0061
745	0.7079	0.0495
748	0.7081	0.0098
751	0.7079	0.0067
754	0.7075	0.004
757	0.708	0.0048
760	0.7086	0.006
763	0.7074	0.0051
766	0.7065	0.0047
769	0.7076	0.054
772	0.7085	0.0082
775	0.7072	0.0065
778	0.7083	0.0078
781	0.7081	0.0067
784	0.7064	0.0078
787	0.7046	0.0121
790	0.7046	0.0156
793	0.704	0.0169
796	0.7041	0.0587
799	0.7029	0.0273
802	0.7007	0.0273
805	0.7	0.0288
808	0.6994	0.029
811	0.6993	0.0291
814	0.6988	0.0267
817	0.7002	0.0253
820	0.7054	0.072
823	0.7049	0.0193
826	0.7056	0.0201
829	0.7077	0.0137
832	0.7082	0.0113
835	0.7085	0.0087
838	0.7079	0.0079
841	0.7083	0.0077
844	0.7108	0.0467
847	0.7091	0.0119
850	0.7098	0.0101
853	0.7106	0.0082
856	0.7103	0.0079
859	0.7091	0.0068
862	0.7088	0.0089
865	0.7074	0.0123
868	0.7075	0.0104
871	0.7076	0.0388
874	0.7073	0.0096
877	0.7078	0.0086
880	0.7066	0.0417
883	0.7081	0.0074
886	0.7064	0.0086
889	0.7064	0.0079
892	0.7067	0.009
895	0.7066	0.0081
898	0.7073	0.0075
901	0.7062	0.0068
904	0.7074	0.0412
907	0.7078	0.0098
910	0.7087	0.0099
913	0.7091	0.0066
916	0.7092	0.0067
919	0.7086	0.0048
922	0.7083	0.0034
925	0.7082	0.0027
928	0.7075	0.001
931	0.7045	0.0289
934	0.705	0.0048
937	0.7049	0.0052
940	0.7046	0.0078
943	0.7046	0.0088
946	0.7038	0.0082
949	0.7041	0.0063
952	0.7042	0.0053
955	0.7063	0.0394
958	0.7057	0.0076
961	0.7047	0.0096
964	0.7051	0.0074
967	0.7065	0.0063
970	0.7063	0.0065
973	0.706	0.0075
976	0.7049	0.0078
979	0.7052	0.0518
982	0.7059	0.0141
985	0.7042	0.0132
988	0.7061	0.0087
991	0.7056	0.008
994	0.7062	0.0064
997	0.7053	0.0065
1000	0.7057	0.0093
1003	0.7061	0.0074
1006	0.7046	0.0378
1009	0.7054	0.0066
1012	0.703	0.0462
1015	0.703	0.0099
1018	0.7037	0.0109
1021	0.7036	0.0109
1024	0.703	0.009
1027	0.7027	0.009
1030	0.7031	0.0078
1033	0.7036	0.0086
1036	0.705	0.0422
1039	0.7039	0.0107
1042	0.7037	0.0121
1045	0.7032	0.0122
1048	0.7042	0.0126
1051	0.7037	0.0109
1054	0.7026	0.0082
1057	0.7029	0.0088
1060	0.703	0.0546
1063	0.7032	0.0132
1066	0.7029	0.0106
1069	0.7034	0.0082
1072	0.705	0.0107
1075	0.7053	0.0071
1078	0.7048	0.0065
1081	0.7046	0.0066
1084	0.7039	0.007
1087	0.7001	0.0445
1090	0.7015	0.0138
1093	0.702	0.0108
1096	0.7024	0.0099
1099	0.7021	0.0115
1102	0.7021	0.0102
1105	0.7019	0.0094
1108	0.7015	0.0091
1111	0.7011	0.0509
1114	0.7011	0.0136
1117	0.7015	0.0121
1120	0.7012	0.0119
1123	0.7038	0.012
1126	0.7021	0.0139
1129	0.7016	0.0157
1132	0.7015	0.0194
1135	0.7044	0.0581
1138	0.7039	0.0205
1141	0.7032	0.019
1144	0.703	0.015
1147	0.7036	0.0147
1150	0.7035	0.0135
1153	0.7045	0.0153
1156	0.704	0.014
1159	0.7044	0.0165
1162	0.7034	0.0519
1165	0.7037	0.02
1168	0.7042	0.018
1171	0.7039	0.0159
1174	0.7038	0.0139
1177	0.704	0.013
1180	0.7043	0.0109
1183	0.704	0.0131
1186	0.7032	0.056
1189	0.7024	0.0178
1192	0.7026	0.0137
1195	0.7017	0.0124
1198	0.7016	0.0108
1201	0.7016	0.0074
1204	0.7015	0.006
1207	0.7017	0.005
1210	0.7039	0.046
1213	0.7043	0.0094
1216	0.7032	0.0071
1219	0.7019	0.0048
1222	0.7034	0.0049
1225	0.7041	0.0055
1228	0.7047	0.0096
1231	0.704	0.01
1234	0.7033	0.0119
1237	0.7003	0.0431
1240	0.7007	0.0135
1243	0.7021	0.0125
1246	0.7013	0.0118
1249	0.7016	0.0108
1252	0.7032	0.0091
1255	0.7018	0.0082
1258	0.7027	0.0083
1261	0.7041	0.0476
1264	0.7051	0.0101
1267	0.7041	0.0101
1270	0.7034	0.0086
1273	0.704	0.0085
1276	0.7045	0.0097
1279	0.705	0.0122
1282	0.7045	0.0122
1285	0.7025	0.0459
1288	0.703	0.0152
1291	0.7039	0.0141
1294	0.7042	0.0135
1297	0.7032	0.015
1300	0.7025	0.0133
1303	0.7029	0.0134
1306	0.703	0.0103
1309	0.7028	0.0103
1312	0.7048	0.0448
1315	0.7046	0.0133
1318	0.7045	0.0099
1321	0.7041	0.008
1324	0.7038	0.0084
1327	0.7049	0.0051
1330	0.7049	0.0055
1333	0.7049	0.007
1336	0.7062	0.0489
1339	0.7079	0.012
1342	0.7071	0.0122
1345	0.7065	0.0107
1348	0.7066	0.0115
1351	0.7071	0.0117
1354	0.7056	0.0144
1357	0.7081	0.0167
1360	0.704	0.0652
1363	0.7041	0.0224
1366	0.7043	0.0221
1369	0.7029	0.0191
1372	0.7044	0.0196
1375	0.7044	0.0154
1378	0.7043	0.0137
1381	0.7049	0.0135
1384	0.7039	0.0102
1387	0.7055	0.047
1390	0.7049	0.0148
1393	0.7051	0.0102
1396	0.706	0.013
1399	0.7068	0.0091
1402	0.7064	0.0084
1405	0.7055	0.0073
1408	0.7067	0.0093
1411	0.7065	0.0512
1414	0.7074	0.0174
1417	0.707	0.0209
1420	0.7058	0.0205
1423	0.7058	0.0239
1426	0.704	0.0324
1429	0.7045	0.0468
1432	0.7033	0.0521
1435	0.7049	0.0913
1438	0.704	0.0659
1441	0.7053	0.0849
1444	0.7068	0.0901
1447	0.709	0.0965
1450	0.7082	0.1099
1453	0.7098	0.1092
1456	0.7086	0.1272
1459	0.7135	0.128
1462	0.7143	0.1486
1465	0.7146	0.1454
1468	0.7106	0.18
1471	0.7118	0.1937
1474	0.7123	0.2157
1477	0.7138	0.2127
1480	0.7121	0.2148
1483	0.7148	0.2193
1486	0.7198	0.247
1489	0.721	0.246
1492	0.7265	0.2582
1495	0.7265	0.2751
1498	0.7251	0.2762
1501	0.7255	0.2736
1504	0.7265	0.2866
1507	0.731	0.2903
1510	0.7341	0.2913
1513	0.7322	0.2834
1516	0.735	0.3087
1519	0.733	0.2929
1522	0.7374	0.3098
1525	0.7385	0.3019
1528	0.7393	0.3052
1531	0.7354	0.299
1534	0.739	0.3004
1537	0.7322	0.312
1540	0.7412	0.3169
1543	0.7377	0.322
1546	0.7384	0.3379
1549	0.7405	0.3689
1552	0.745	0.344
1555	0.7443	0.3459
1558	0.748	0.3524
1561	0.7403	0.3531
1564	0.7415	0.3399
1567	0.7433	0.3458
1570	0.7414	0.3583
1573	0.7422	0.3722
1576	0.7417	0.3751
1579	0.7453	0.3778
1582	0.7447	0.3848
1585	0.7472	0.3873
1588	0.7462	0.3786
1591	0.7415	0.3847
1594	0.7394	0.3917
1597	0.7339	0.3925
1600	0.7298	0.4054
1603	0.7321	0.4184
1606	0.7366	0.4201
1609	0.7352	0.4163
1612	0.7359	0.4236
1615	0.7398	0.4134
1618	0.7364	0.3965
1621	0.7391	0.3929
1624	0.7462	0.3871
1627	0.7495	0.3815
1630	0.7471	0.3801
1633	0.7421	0.3737
1636	0.7409	0.3787
1639	0.7428	0.3751
1642	0.7456	0.3724
1645	0.7426	0.3594
1648	0.742	0.3476
1651	0.737	0.3381
1654	0.7359	0.3413
1657	0.7263	0.3471
1660	0.7267	0.3526
1663	0.7322	0.3427
1666	0.7301	0.3453
1669	0.7368	0.3481
1672	0.74	0.3533
1675	0.7354	0.3607
1678	0.7292	0.3536
1681	0.7259	0.3547
1684	0.7231	0.3535
1687	0.7231	0.3536
1690	0.7207	0.3538
1693	0.7257	0.3644
1696	0.7221	0.3503
1699	0.7205	0.3355
1702	0.7238	0.3356
1705	0.7254	0.3396
1708	0.7209	0.3285
1711	0.7149	0.3296
1714	0.7137	0.329
1717	0.71	0.3244
1720	0.7161	0.3111
1723	0.717	0.3164
1726	0.7253	0.3081
1729	0.7353	0.3069
1732	0.725	0.3465
1735	0.6901	0.37
1738	0.6894	0.3304
1741	0.6822	0.3483
1744	0.6758	0.3401
1747	0.6362	0.3673
1750	0.634	0.3181
1753	0.5965	0.3378
1756	0.5833	0.3184
1759	0.5658	0.313
1762	0.5565	0.3089
1765	0.5371	0.3136
1768	0.5562	0.3061
1771	0.5731	0.3079
1774	0.5888	0.3144
1777	0.6126	0.2996
1780	0.6303	0.2896
1783	0.6264	0.2658
1786	0.6179	0.2654
1789	0.6145	0.2417
1792	0.6002	0.2285
1795	0.5989	0.2182
1798	0.5929	0.2271
1801	0.6033	0.2455
1804	0.6038	0.2545
1807	0.6067	0.2611
1810	0.6049	0.2824
1813	0.6006	0.2541
1816	0.597	0.2547
1819	0.5901	0.2597
1822	0.571	0.2583
1825	0.5553	0.2634
1828	0.5274	0.2602
1831	0.5254	0.2604
1834	0.5198	0.2515
1837	0.4965	0.2392
1840	0.4927	0.2281
1843	0.4921	0.2114
1846	0.5089	0.1946
1849	0.5164	0.1745
1852	0.5227	0.159
1855	0.5109	0.1569
1858	0.4972	0.1673
1861	0.4985	0.177
1864	0.4963	0.1668
1867	0.49	0.164
1870	0.4931	0.1778
1873	0.508	0.1829
1876	0.5197	0.1876
1879	0.5367	0.1928
1882	0.5325	0.2211
1885	0.5155	0.2327
1888	0.5153	0.2391
1891	0.5213	0.2477
1894	0.5302	0.2526
1897	0.5115	0.2822
1900	0.5124	0.3037
1903	0.5504	0.3267
1906	0.5929	0.3564
1909	0.6176	0.3443
1912	0.631	0.3404
1915	0.6552	0.3195
1918	0.6772	0.309
1921	0.6895	0.2911
1924	0.6643	0.3034
1927	0.6413	0.2541
1930	0.6101	0.2382
1933	0.5264	0.2413
1936	0.4708	0.214
1939	0.4415	0.1856
1942	0.4325	0.1641
1945	0.4256	0.1462
1948	0.4159	0.132
1951	0.3936	0.1141
1954	0.3808	0.0953
1957	0.3655	0.0749
1960	0.362	0.0819
1963	0.3575	0.054
1966	0.3515	0.0453
1969	0.3414	0.0336
1972	0.3269	0.0237
1975	0.311	0.0118
1978	0.3004	0.0061
1981	0.2932	0.007
1984	0.2803	0.0062
1987	0.2498	0.015
1990	0.2475	0.008
1993	0.247	0.0075
1996	0.2428	0.0089
1999	0.227	0.0099
2002	0.2378	0.0366
2005	0.2568	0.0634
2008	0.2811	0.098
2011	0.3207	0.131
2014	0.4004	0.1617
2017	0.4637	0.179
2020	0.5067	0.2023
2023	0.5419	0.2311
2026	0.5945	0.2579
2029	0.6388	0.2723
2032	0.6507	0.2666
2035	0.6597	0.2668
2038	0.6633	0.2605
2041	0.6385	0.2544
2044	0.5638	0.2204
2047	0.5037	0.1927
2050	0.4721	0.1794
2053	0.4362	0.1596
2056	0.3973	0.1426
2059	0.3648	0.1159
2062	0.3197	0.102
2065	0.309	0.0823
2068	0.3049	0.0643
2071	0.3024	0.0551
2074	0.2942	0.0429
2077	0.2778	0.0283
2080	0.2535	0.0224
2083	0.241	0.0122
2086	0.2308	0.0147
2089	0.2308	0.0095
2092	0.2303	0.0076
2095	0.2313	0.0079
2098	0.2362	0.0093
2101	0.249	0.0217
2104	0.2636	0.0348
2107	0.2798	0.045
2110	0.3117	0.0706
2113	0.3718	0.0679
2116	0.4719	0.0813
2119	0.5798	0.0891
2122	0.6501	0.0984
2125	0.6963	0.1114
2128	0.7334	0.1291
2131	0.7488	0.1324
2134	0.7593	0.1433
2137	0.7671	0.1491
2140	0.7637	0.1506
2143	0.7594	0.1551
2146	0.7634	0.1639
2149	0.7656	0.1603
2152	0.7602	0.171
2155	0.721	0.1878
2158	0.6722	0.2041
2161	0.6338	0.2054
2164	0.626	0.1894
2167	0.6209	0.1771
2170	0.6157	0.1607
2173	0.6097	0.1477
2176	0.57	0.1546
2179	0.4942	0.1255
2182	0.4321	0.0965
2185	0.3436	0.1126
2188	0.3249	0.0655
2191	0.3085	0.0575
2194	0.2908	0.0442
2197	0.2741	0.0367
2200	0.2589	0.0284
2203	0.2525	0.0181
2206	0.2483	0.0156
2209	0.2423	0.0117
2212	0.2245	0.0134
2215	0.2238	0.005
2218	0.2218	0.0039
2221	0.2232	0.0043
2224	0.2233	0.0047
2227	0.2221	0.0038
2230	0.2211	0.0053
2233	0.2204	0.004
2236	0.2191	0.0082
2239	0.2217	0.0048
2242	0.221	0.006
2245	0.2221	0.0053
2248	0.2233	0.0055
2251	0.2243	0.0062
2254	0.2246	0.0087
2257	0.2232	0.0073
2260	0.2263	0.0143
2263	0.2249	0.0076
2266	0.2308	0.0186
2269	0.2496	0.0405
2272	0.2682	0.0634
2275	0.2939	0.0862
2278	0.3171	0.1013
2281	0.3325	0.1101
2284	0.3444	0.1114
2287	0.3395	0.1202
2290	0.3473	0.1139
2293	0.3388	0.1101
2296	0.3259	0.1068
2299	0.317	0.117
2302	0.3223	0.1245
2305	0.319	0.1243
2308	0.3151	0.1192
2311	0.2994	0.1275
2314	0.3011	0.1167
2317	0.3022	0.1068
2320	0.294	0.0967
2323	0.2907	0.0889
2326	0.2879	0.0775
2329	0.2774	0.0693
2332	0.2558	0.0573
2335	0.2347	0.0581
2338	0.2307	0.0411
2341	0.228	0.0379
2344	0.2244	0.0318
2347	0.2212	0.0269
2350	0.2249	0.031
2353	0.231	0.0376
2356	0.2413	0.0349
2359	0.249	0.0298
2362	0.2496	0.0311
2365	0.2414	0.0242
2368	0.2313	0.0243
2371	0.223	0.0228
2374	0.2174	0.0224
2377	0.2141	0.0199
2380	0.2109	0.0186
2383	0.2111	0.0282
2386	0.2157	0.0632
2389	0.2627	0.0841
2392	0.3343	0.0962
2395	0.4184	0.0981
2398	0.4664	0.0941
2401	0.4872	0.0892
2404	0.4982	0.0876
2407	0.5032	0.0801
2410	0.4402	0.0942
2413	0.4074	0.0716
2416	0.3608	0.0552
2419	0.3062	0.0453
2422	0.262	0.0332
2425	0.2395	0.0215
2428	0.2241	0.0136
2431	0.2175	0.0083
2434	0.2214	0.0321
2437	0.233	0.0691
2440	0.2624	0.0731
2443	0.2795	0.0715
2446	0.2848	0.0689
2449	0.2808	0.0651
2452	0.2541	0.0627
2455	0.2383	0.0581
2458	0.2386	0.0548
2461	0.2315	0.0589
2464	0.223	0.0423
2467	0.2202	0.0364
2470	0.2213	0.0293
2473	0.2147	0.021
2476	0.2107	0.0232
2479	0.214	0.0326
2482	0.2309	0.0301
2485	0.2458	0.0342
2488	0.2476	0.0275
2491	0.2381	0.0257
2494	0.2333	0.0263
2497	0.2275	0.0237
2500	0.2213	0.0233
2503	0.221	0.0209
2506	0.2185	0.0226
2509	0.2227	0.0405
2512	0.2305	0.0684
2515	0.2598	0.0898
2518	0.2847	0.1038
2521	0.3235	0.1029
2524	0.3801	0.1038
2527	0.4082	0.1024
2530	0.4205	0.0962
2533	0.4252	0.0967
2536	0.413	0.1022
2539	0.405	0.0929
2542	0.3634	0.0905
2545	0.3272	0.0932
2548	0.2796	0.0804
2551	0.2657	0.0699
2554	0.2595	0.0572
2557	0.2519	0.0446
2560	0.2181	0.0427
2563	0.2078	0.0246
2566	0.1986	0.0156
2569	0.1943	0.0061
2572	0.1918	0.0021
2575	0.1911	0.001
2578	0.1907	0.001
2581	0.1917	0.0009
2584	0.1915	0.0009
2587	0.1916	0.0077
2590	0.1912	0.0006
2593	0.1915	0.0014
2596	0.192	0.0007
2599	0.1924	0.0009
2602	0.192	0.0006
2605	0.1925	0.0008
2608	0.1927	0.0004
2611	0.191	0.0063
2614	0.1913	0.002
2617	0.1923	0.0016
2620	0.1919	0.0016
2623	0.1946	0.0045
2626	0.2131	0.0265
2629	0.2328	0.0535
2632	0.2522	0.0652
2635	0.257	0.0772
2638	0.2656	0.0905
2641	0.2889	0.1135
2644	0.3253	0.1537
2647	0.3712	0.1855
2650	0.4224	0.2111
2653	0.4817	0.2192
2656	0.5223	0.2171
2659	0.5453	0.2141
2662	0.5517	0.215
2665	0.5388	0.1995
2668	0.5305	0.1971
2671	0.5324	0.1906
2674	0.5242	0.1883
2677	0.4927	0.183
2680	0.4461	0.1776
2683	0.4135	0.1537
2686	0.3662	0.1616
2689	0.3773	0.1273
2692	0.3879	0.1075
2695	0.3957	0.0944
2698	0.3904	0.0893
2701	0.3734	0.0757
2704	0.3591	0.0618
2707	0.3524	0.0509
2710	0.3415	0.0448
2713	0.3429	0.04
2716	0.3462	0.0392
2719	0.3403	0.0418
2722	0.3186	0.0385
2725	0.3072	0.0392
2728	0.3056	0.0483
2731	0.3078	0.0601
2734	0.3127	0.0743
2737	0.2868	0.0858
2740	0.2926	0.0794
2743	0.2969	0.0795
2746	0.2961	0.075
2749	0.3086	0.0867
2752	0.3138	0.0887
2755	0.3165	0.0874
2758	0.3194	0.0864
2761	0.3059	0.0885
2764	0.3039	0.0793
2767	0.2976	0.0756
2770	0.2939	0.0679
2773	0.2931	0.065
2776	0.2863	0.0654
2779	0.2835	0.0647
2782	0.2786	0.0592
2785	0.263	0.0706
2788	0.2629	0.0531
2791	0.2629	0.05
2794	0.2616	0.0494
2797	0.2606	0.0444
2800	0.2591	0.0412
2803	0.2552	0.0393
2806	0.2528	0.0346
2809	0.2559	0.0273
2812	0.2496	0.041
2815	0.2511	0.0188
2818	0.2518	0.0163
2821	0.252	0.0122
2824	0.251	0.0113
2827	0.2502	0.0097
2830	0.2477	0.0135
2833	0.2472	0.0165
2836	0.2466	0.0316
2839	0.2474	0.0125
2842	0.2469	0.0113
2845	0.2457	0.0113
2848	0.2467	0.011
2851	0.2485	0.0113
2854	0.2486	0.0119
2857	0.2446	0.0118
2860	0.2439	0.0359
2863	0.2419	0.0129
2866	0.2438	0.0156
2869	0.2447	0.0193
2872	0.2443	0.0161
2875	0.2453	0.0143
2878	0.2495	0.0189
2881	0.2611	0.028
2884	0.2713	0.035
2887	0.2818	0.0631
2890	0.2849	0.0406
2893	0.2852	0.0381
2896	0.2817	0.0354
2899	0.2772	0.0308
2902	0.2728	0.0289
2905	0.269	0.0251
2908	0.267	0.0241
2911	0.2629	0.0498
2914	0.2632	0.0239
2917	0.2613	0.0245
2920	0.2614	0.0251
2923	0.2613	0.0248
2926	0.2601	0.0233
2929	0.2602	0.0258
2932	0.2631	0.0265
2935	0.2607	0.0558
2938	0.2606	0.0264
2941	0.2632	0.0294
2944	0.2709	0.0299
2947	0.2814	0.0379
2950	0.2933	0.0454
2953	0.3034	0.0509
2956	0.3295	0.0536
2959	0.4032	0.0579
2962	0.4742	0.0966
2965	0.5394	0.0619
2968	0.6024	0.0631
2971	0.6309	0.0644
2974	0.6698	0.0706
2977	0.6875	0.0729
2980	0.6946	0.0733
2983	0.7174	0.0752
2986	0.7369	0.1371
2989	0.7397	0.0978
2992	0.7465	0.1035
2995	0.748	0.1165
2998	0.751	0.1277
3001	0.7522	0.1312
3004	0.7575	0.1322
3007	0.7532	0.153
3010	0.7532	0.1732
3013	0.7464	0.1473
3016	0.7469	0.1546
3019	0.7464	0.1576
3022	0.7491	0.1508
3025	0.7516	0.1412
3028	0.755	0.1393
3031	0.7532	0.128
3034	0.7575	0.1295
3037	0.7614	0.1565
3040	0.7619	0.1372
3043	0.7655	0.1226
3046	0.7662	0.1077
3049	0.7634	0.0911
3052	0.7667	0.0803
3055	0.7659	0.0822
3058	0.7625	0.0848
3061	0.7619	0.129
3064	0.7617	0.0942
3067	0.7538	0.0989
3070	0.7543	0.1125
3073	0.7493	0.1134
3076	0.7504	0.1115
3079	0.7494	0.1093
3082	0.7492	0.1177
3085	0.7505	0.1626
3088	0.7529	0.124
3091	0.755	0.1237
3094	0.7525	0.1178
3097	0.7537	0.1093
3100	0.7514	0.0961
3103	0.7519	0.0896
3106	0.7539	0.0823
3109	0.7524	0.077
3112	0.7497	0.1128
3115	0.7509	0.0642
3118	0.7515	0.0558
3121	0.7469	0.0564
3124	0.7476	0.0524
3127	0.7495	0.0568
3130	0.7503	0.0575
3133	0.7438	0.0579
3136	0.7456	0.0897
3139	0.7434	0.0491
3142	0.7442	0.0488
3145	0.7431	0.0413
3148	0.7434	0.0442
3151	0.7416	0.0415
3154	0.7432	0.038
3157	0.7415	0.0378
3160	0.7442	0.0961
3163	0.7438	0.0443
3166	0.7455	0.0395
3169	0.7436	0.0361
3172	0.7437	0.0294
3175	0.7441	0.0351
3178	0.7417	0.0418
3181	0.742	0.0425
3184	0.7393	0.0464
3187	0.7367	0.1013
3190	0.7332	0.0584
3193	0.7332	0.0516
3196	0.7326	0.0477
3199	0.7306	0.046
3202	0.7323	0.0382
3205	0.7302	0.0327
3208	0.7286	0.0308
3211	0.731	0.0812
3214	0.7302	0.0296
3217	0.7316	0.0218
3220	0.7294	0.0195
3223	0.7297	0.0184
3226	0.728	0.0172
3229	0.7268	0.0211
3232	0.7271	0.0215
3235	0.7298	0.0752
3238	0.7287	0.0205
3241	0.7287	0.0147
3244	0.7295	0.013
3247	0.7281	0.0146
3250	0.7277	0.0118
3253	0.7281	0.0108
3256	0.7268	0.0123
3259	0.7273	0.0098
3262	0.727	0.0553
3265	0.7262	0.0103
3268	0.7266	0.01
3271	0.7266	0.0087
3274	0.7267	0.0099
3277	0.7282	0.01
3280	0.7288	0.0064
3283	0.7289	0.0093
3286	0.729	0.0594
3289	0.7298	0.0099
3292	0.7294	0.01
3295	0.7292	0.0098
3298	0.7289	0.0092
3301	0.7285	0.0081
3304	0.7287	0.0082
3307	0.7282	0.0069
3310	0.728	0.0524
3313	0.7267	0.015
3316	0.7274	0.0158
3319	0.7275	0.0143
3322	0.7272	0.0134
3325	0.7278	0.0146
3328	0.729	0.0167
3331	0.7295	0.016
3334	0.729	0.0162
3337	0.7283	0.0537
3340	0.7287	0.0228
3343	0.7279	0.0203
3346	0.7277	0.0194
3349	0.7273	0.0175
3352	0.726	0.0159
3355	0.7252	0.0176
3358	0.7263	0.0184
3361	0.726	0.0509
3364	0.7262	0.0197
3367	0.7245	0.0198
3370	0.7249	0.0142
3373	0.7263	0.0143
3376	0.7272	0.0101
3379	0.7278	0.0078
3382	0.7282	0.0063
3385	0.7308	0.0483
3388	0.7286	0.0122
3391	0.7287	0.0115
3394	0.7293	0.0084
3397	0.7274	0.0079
3400	0.7277	0.0044
3403	0.7276	0.0066
3406	0.7274	0.0057
3409	0.728	0.0064
3412	0.7296	0.0433
3415	0.7302	0.0091
3418	0.729	0.0087
3421	0.7282	0.0087
3424	0.7292	0.0043
3427	0.7291	0.0042
3430	0.7287	0.0029
3433	0.729	0.0036
3436	0.7342	0.0475
3439	0.7337	0.007
3442	0.7343	0.0066
3445	0.7334	0.0049
3448	0.7337	0.0045
3451	0.7336	0.0028
3454	0.7338	0.0034
3457	0.7331	0.0051
3460	0.7339	0.044
3463	0.7329	0.0119
3466	0.7322	0.0099
3469	0.7324	0.0091
3472	0.7322	0.0074
3475	0.7326	0.0047
3478	0.7325	0.0027
3481	0.7324	0.0031
3484	0.7324	0.002
3487	0.7335	0.0339
3490	0.7349	0.0073
3493	0.7347	0.0042
3496	0.7333	0.0041
3499	0.7333	0.0019
3502	0.7325	0.0029
3505	0.7329	0.003
3508	0.7319	0.0031
3511	0.7326	0.0349
3514	0.7329	0.0056
3517	0.732	0.0026
3520	0.7319	0.002
3523	0.7318	0.0015
3526	0.732	0.0011
3529	0.7315	0.0007
3532	0.7315	0.0008
3535	0.7318	0.0331
3538	0.7311	0.0032
3541	0.7309	0.0028
3544	0.7311	0.0031
3547	0.7305	0.0057
3550	0.7306	0.005
3553	0.731	0.0043
3556	0.7313	0.0046
3559	0.7296	0.0056
3562	0.7319	0.0285
3565	0.7313	0.006
3568	0.7321	0.0051
3571	0.7313	0.0357
3574	0.7314	0.0063
3577	0.731	0.004
3580	0.7313	0.0059
3583	0.7309	0.0062
3586	0.7304	0.0056
3589	0.7313	0.005
3592	0.7308	0.0066
3595	0.7323	0.0364
3598	0.7317	0.0084
3601	0.7304	0.0063
3604	0.73	0.0038
3607	0.731	0.0047
3610	0.7309	0.0028
3613	0.7313	0.0038
3616	0.7312	0.0051
3619	0.7324	0.0409
3622	0.7327	0.0128
3625	0.7322	0.0144
3628	0.7322	0.0089
3631	0.7314	0.0078
3634	0.7315	0.0077
3637	0.7315	0.0075
3640	0.7316	0.007
3643	0.7315	0.0065
3646	0.7322	0.0361
3649	0.733	0.0111
3652	0.7337	0.0085
3655	0.7324	0.0078
3658	0.7328	0.0059
3661	0.7316	0.0052
3664	0.7325	0.003
3667	0.7321	0.0046
3670	0.733	0.0362
3673	0.7321	0.0101
3676	0.7318	0.011
3679	0.7326	0.0106
3682	0.7321	0.0127
3685	0.7316	0.0092
3688	0.7321	0.0076
3691	0.7312	0.0044
3694	0.7327	0.0371
3697	0.732	0.0181
3700	0.7333	0.026
3703	0.7326	0.0282
3706	0.7334	0.0307
3709	0.7296	0.0305
3712	0.73	0.0297
3715	0.7304	0.027
3718	0.731	0.0285
3721	0.7295	0.0549
3724	0.731	0.0328
3727	0.7304	0.0263
3730	0.7306	0.0272
3733	0.7281	0.0252
3736	0.7318	0.0251
3739	0.7287	0.0253
3742	0.7307	0.0265
3745	0.7289	0.0479
3748	0.7317	0.0257
3751	0.7296	0.0226
3754	0.7276	0.0172
3757	0.7281	0.0139
3760	0.7286	0.0061
3763	0.7279	0.0072
3766	0.7269	0.0066
3769	0.7255	0.0462
3772	0.7266	0.0135
3775	0.728	0.018
3778	0.7283	0.0159
3781	0.7294	0.022
3784	0.729	0.0181
3787	0.7287	0.0194
3790	0.7279	0.0176
3793	0.7274	0.0182
3796	0.7296	0.0602
3799	0.7286	0.0349
3802	0.7297	0.0354
3805	0.7283	0.0357
3808	0.7287	0.0385
3811	0.7256	0.0398
3814	0.7269	0.0298
3817	0.7271	0.028
3820	0.7329	0.0809
3823	0.733	0.0163
3826	0.732	0.0075
3829	0.7323	0.0055
3832	0.7323	0.0057
3835	0.7316	0.0068
3838	0.7312	0.0056
3841	0.7311	0.0066
3844	0.7312	0.047
3847	0.732	0.0138
3850	0.7321	0.009
3853	0.7326	0.0074
3856	0.7319	0.0081
3859	0.7317	0.008
3862	0.733	0.0084
3865	0.7337	0.0122
3868	0.7337	0.0115
3871	0.7339	0.043
3874	0.7344	0.0147
3877	0.7354	0.0103
3880	0.7355	0.0123
3883	0.735	0.0118
3886	0.7338	0.0086
3889	0.7348	0.0082
3892	0.7345	0.0121
3895	0.731	0.0508
3898	0.7331	0.0239
3901	0.7322	0.0244
3904	0.7323	0.0224
3907	0.7329	0.016
3910	0.7334	0.0134
3913	0.7328	0.0112
3916	0.7332	0.0091
3919	0.7315	0.0494
3922	0.7321	0.0137
3925	0.7326	0.01
3928	0.7327	0.0101
3931	0.731	0.0103
3934	0.731	0.009
3937	0.7323	0.007
3940	0.7332	0.0077
3943	0.7331	0.0076
3946	0.733	0.0342
3949	0.7323	0.0072
3952	0.7328	0.0052
3955	0.7336	0.0047
3958	0.7331	0.0065
3961	0.7326	0.0086
3964	0.732	0.0093
3967	0.7328	0.0059
3970	0.7343	0.0431
3973	0.7326	0.0094
3976	0.7328	0.0061
3979	0.7337	0.0093
3982	0.7325	0.0109
3985	0.73	0.0108
3988	0.7321	0.0088
3991	0.7341	0.0056
3994	0.7322	0.0404
3997	0.7327	0.0065
4000	0.7331	0.0056
4003	0.7338	0.0037
4006	0.7344	0.0059
4009	0.7345	0.0028
4012	0.7348	0.0022
4015	0.7346	0.0041
4018	0.7342	0.008
4021	0.7342	0.0428
4024	0.7338	0.0143
4027	0.7344	0.012
4030	0.7324	0.012
4033	0.7328	0.0122
4036	0.7331	0.0121
4039	0.7329	0.01
4042	0.7329	0.0091
4045	0.7346	0.0429
4048	0.7336	0.006
4051	0.7328	0.0041
4054	0.733	0.0024
4057	0.7331	0.0027
4060	0.7327	0.0038
4063	0.7323	0.0066
4066	0.7326	0.0069
4069	0.7306	0.0512
4072	0.7308	0.01
4075	0.731	0.0075
4078	0.7312	0.0052
4081	0.7309	0.0049
4084	0.7303	0.006
4087	0.7306	0.0084
4090	0.7308	0.0085
4093	0.7306	0.0072
4096	0.733	0.0472
4099	0.7319	0.0128
4102	0.7309	0.0113
4105	0.7317	0.009
4108	0.7324	0.0091
4111	0.7325	0.0067
4114	0.7323	0.0066
4117	0.7318	0.0077
4120	0.7315	0.0427
4123	0.7303	0.0102
4126	0.7306	0.0109
4129	0.7315	0.0169
4132	0.7301	0.0226
4135	0.7301	0.0293
4138	0.73	0.0344
4141	0.7299	0.0395
4144	0.7286	0.0837
4147	0.73	0.0513
4150	0.7287	0.0553
4153	0.7269	0.057
4156	0.7282	0.06
4159	0.7262	0.0654
4162	0.7279	0.0732
4165	0.7236	0.0755
4168	0.7257	0.0879
4171	0.7247	0.1176
4174	0.7253	0.1042
4177	0.7285	0.0919
4180	0.7289	0.0986
4183	0.733	0.09
4186	0.735	0.1021
4189	0.7357	0.1161
4192	0.739	0.102
4195	0.7354	0.1386
4198	0.7361	0.1294
4201	0.7352	0.1585
4204	0.7318	0.1727
4207	0.7341	0.1951
4210	0.7343	0.2117
4213	0.7344	0.2223
4216	0.7353	0.25
4219	0.7385	0.2566
4222	0.7415	0.2548
4225	0.7479	0.2608
4228	0.7518	0.259
4231	0.758	0.2722
4234	0.7582	0.2879
4237	0.7582	0.2906
4240	0.7568	0.3179
4243	0.7599	0.3392
4246	0.7594	0.3288
4249	0.7525	0.3496
4252	0.75	0.3493
4255	0.7405	0.3756
4258	0.7441	0.3747
4261	0.7462	0.3851
4264	0.742	0.3723
4267	0.7472	0.3789
4270	0.7471	0.378
4273	0.749	0.3811
4276	0.7519	0.388
4279	0.7516	0.3977
4282	0.7527	0.3965
4285	0.7625	0.3983
4288	0.7654	0.3981
4291	0.7671	0.3975
4294	0.7609	0.4024
4297	0.7603	0.3777
4300	0.7503	0.3851
4303	0.7507	0.3782
4306	0.7422	0.3873
4309	0.7454	0.3716
4312	0.7461	0.371
4315	0.7439	0.3708
4318	0.7403	0.3804
4321	0.7415	0.3814
4324	0.7396	0.3782
4327	0.7374	0.383
4330	0.7394	0.3617
4333	0.7346	0.3698
4336	0.7343	0.3633
4339	0.7335	0.3535
4342	0.7274	0.352
4345	0.7229	0.3657
4348	0.7201	0.3599
4351	0.7177	0.3613
4354	0.7211	0.3549
4357	0.7203	0.347
4360	0.7251	0.3425
4363	0.7264	0.3445
4366	0.7312	0.3505
4369	0.736	0.3469
4372	0.7416	0.3435
4375	0.7423	0.3469
4378	0.7354	0.3624
4381	0.7431	0.3533
4384	0.7417	0.3625
4387	0.7466	0.3617
4390	0.7443	0.3573
4393	0.732	0.3808
4396	0.7315	0.3583
4399	0.7347	0.3584
4402	0.7251	0.3472
4405	0.7189	0.3396
4408	0.6959	0.3451
4411	0.6811	0.3356
4414	0.6911	0.3312
4417	0.7061	0.3301
4420	0.7235	0.3432
4423	0.7257	0.3414
4426	0.7177	0.3413
4429	0.7084	0.355
4432	0.7057	0.3533
4435	0.6992	0.3531
4438	0.6868	0.3453
4441	0.6875	0.3466
4444	0.6795	0.3629
4447	0.666	0.3527
4450	0.6521	0.3522
4453	0.6418	0.341
4456	0.6328	0.3408
4459	0.6247	0.3417
4462	0.6303	0.3445
4465	0.6344	0.3521
4468	0.6461	0.3607
4471	0.6446	0.3759
4474	0.656	0.3712
4477	0.6527	0.3761
4480	0.6528	0.3788
4483	0.6581	0.3792
4486	0.66	0.4
4489	0.6678	0.3743
4492	0.6762	0.3779
4495	0.6855	0.3738
4498	0.6948	0.3808
4501	0.7063	0.3842
4504	0.7216	0.3855
4507	0.7426	0.3802
4510	0.7483	0.3836
4513	0.754	0.387
4516	0.7586	0.3721
4519	0.7573	0.3876
4522	0.7539	0.367
4525	0.7529	0.3647
4528	0.7499	0.3639
4531	0.7516	0.3593
4534	0.7533	0.3536
4537	0.7569	0.3541
4540	0.7547	0.3431
4543	0.7584	0.3365
4546	0.7477	0.3349
4549	0.7425	0.3358
4552	0.7328	0.3466
4555	0.726	0.3555
4558	0.7198	0.39
4561	0.7267	0.3753
4564	0.7225	0.4008
4567	0.7331	0.3871
4570	0.7328	0.3933
4573	0.7293	0.3783
4576	0.7152	0.3582
4579	0.7067	0.352
4582	0.7044	0.3513
4585	0.7009	0.3453
4588	0.706	0.3386
4591	0.709	0.3417
4594	0.719	0.3494
4597	0.7191	0.3252
4600	0.7115	0.3271
4603	0.7114	0.3207
4606	0.7059	0.3206
4609	0.7092	0.309
4612	0.7084	0.3081
4615	0.7169	0.2883
4618	0.7166	0.2852
4621	0.7169	0.2768
4624	0.7052	0.2776
4627	0.6943	0.2611
4630	0.6884	0.263
4633	0.6804	0.2805
4636	0.6753	0.2885
4639	0.6832	0.2847
4642	0.6901	0.2905
4645	0.6964	0.3095
4648	0.708	0.3055
4651	0.7022	0.3113
4654	0.7109	0.3062
4657	0.72	0.3025
4660	0.7311	0.2964
4663	0.7371	0.2892
4666	0.7337	0.2777
4669	0.7146	0.2837
4672	0.7065	0.2609
4675	0.6913	0.2729
4678	0.6902	0.2504
4681	0.6679	0.2626
4684	0.6542	0.2636
4687	0.6505	0.2357
4690	0.642	0.2317
4693	0.6519	0.2222
4696	0.6499	0.2305
4699	0.6591	0.2308
4702	0.6632	0.2333
4705	0.6693	0.2421
4708	0.6787	0.2513
4711	0.6917	0.2614
4714	0.7059	0.2837
4717	0.7119	0.3026
4720	0.7154	0.3246
4723	0.722	0.3199
4726	0.7279	0.3209
4729	0.729	0.3278
4732	0.7301	0.317
4735	0.7381	0.3071
4738	0.7418	0.2956
4741	0.7405	0.2809
4744	0.7431	0.2824
4747	0.7172	0.2736
4750	0.6671	0.2592
4753	0.6027	0.2462
4756	0.5612	0.2071
4759	0.4807	0.2084
4762	0.4355	0.1752
4765	0.4074	0.1569
4768	0.3807	0.1378
4771	0.3483	0.1272
4774	0.3342	0.0973
4777	0.3269	0.0818
4780	0.3254	0.0662
4783	0.3168	0.0517
4786	0.3018	0.0394
4789	0.2836	0.0301
4792	0.2767	0.0178
4795	0.2722	0.019
4798	0.2683	0.0062
4801	0.2679	0.0014
4804	0.2679	0.0005
4807	0.2683	0.0005
4810	0.2627	0.0006
4813	0.2517	0.001
4816	0.2419	0.0009
4819	0.2167	0.0066
4822	0.2174	0.0011
4825	0.2171	0.0022
4828	0.2171	0.002
4831	0.2173	0.0015
4834	0.2137	0.0137
4837	0.2143	0.0047
4840	0.2142	0.0043
4843	0.2134	0.0053
4846	0.2143	0.0059
4849	0.2146	0.0046
4852	0.2143	0.0048
4855	0.2141	0.0042
4858	0.2118	0.011
4861	0.2126	0.0059
4864	0.2119	0.0047
4867	0.2112	0.0052
4870	0.2117	0.0036
4873	0.2121	0.0054
4876	0.2119	0.0044
4879	0.211	0.0038
4882	0.2111	0.0047
4885	0.212	0.0069
4888	0.2119	0.0049
4891	0.2107	0.0046
4894	0.2108	0.0045
4897	0.2092	0.0043
4900	0.209	0.0036
4903	0.2097	0.0035
4906	0.2094	0.0029
4909	0.2088	0.0066
4912	0.207	0.0028
4915	0.2068	0.0052
4918	0.2162	0.0336
4921	0.242	0.0598
4924	0.2732	0.0679
4927	0.3008	0.0944
4930	0.319	0.1087
4933	0.3408	0.1292
4936	0.3889	0.1297
4939	0.47	0.1339
4942	0.5145	0.1194
4945	0.5242	0.1167
4948	0.5321	0.1046
4951	0.5201	0.0982
4954	0.5073	0.0907
4957	0.4508	0.0857
4960	0.3953	0.0859
4963	0.3618	0.0633
4966	0.3022	0.0683
4969	0.2812	0.0713
4972	0.2914	0.1037
4975	0.3124	0.1257
4978	0.336	0.1416
4981	0.3573	0.1473
4984	0.3497	0.1469
4987	0.3515	0.134
4990	0.3426	0.1245
4993	0.327	0.1215
4996	0.3078	0.1183
4999	0.2881	0.1068
5002	0.2759	0.0949
5005	0.2697	0.0878
5008	0.2586	0.0869
5011	0.2512	0.0682
5014	0.2466	0.0575
5017	0.238	0.0403
5020	0.2334	0.0396
5023	0.2318	0.0394
5026	0.2407	0.0354
5029	0.2513	0.0308
5032	0.2578	0.025
5035	0.2525	0.0272
5038	0.2448	0.0231
5041	0.2365	0.0238
5044	0.2316	0.0235
5047	0.2428	0.0328
5050	0.2526	0.049
5053	0.264	0.0671
5056	0.2856	0.0763
5059	0.3205	0.0961
5062	0.3768	0.1013
5065	0.432	0.1021
5068	0.4605	0.12
5071	0.4929	0.1392
5074	0.5287	0.1488
5077	0.5512	0.1621
5080	0.5674	0.1615
5083	0.5839	0.172
5086	0.5755	0.1768
5089	0.5143	0.1804
5092	0.4045	0.1747
5095	0.3584	0.1574
5098	0.3309	0.1461
5101	0.2928	0.1277
5104	0.2533	0.1122
5107	0.2209	0.0921
5110	0.2036	0.0806
5113	0.2049	0.0673
5116	0.2066	0.0589
5119	0.2079	0.0436
5122	0.1946	0.0287
5125	0.1754	0.0194
5128	0.166	0.0072
5131	0.1636	0.0002
5134	0.1608	0.0077
5137	0.1605	0.0008
5140	0.1602	0.0006
5143	0.161	0.0004
5146	0.1617	0.0002
5149	0.1607	0.0002
5152	0.1602	0
5155	0.1616	0
5158	0.1626	0.0064
5161	0.1631	0.001
5164	0.1625	0.0002
5167	0.1629	0.0004
5170	0.1631	0.0001
5173	0.1637	0
5176	0.164	0.0001
5179	0.1649	0
5182	0.1648	0
5185	0.1639	0.0049
5188	0.1644	0.0005
5191	0.1631	0.0004
5194	0.1643	0.0048
5197	0.1648	0.0003
5200	0.1651	0.0005
5203	0.1646	0.0002
5206	0.1648	0
5209	0.1642	0.0001
5212	0.1648	0.0002
5215	0.1653	0.0001
5218	0.1644	0
5221	0.1644	0.0041
5224	0.1646	0.0007
5227	0.1642	0.0001
5230	0.1657	0.0006
5233	0.1648	0
5236	0.1648	0.0001
5239	0.1651	0
5242	0.1645	0
5245	0.16	0.0036
5248	0.1603	0.0001
5251	0.1603	0.0002
5254	0.1592	0.0002
5257	0.1696	0.0157
5260	0.1887	0.0371
5263	0.2151	0.0543
5266	0.2463	0.0657
5269	0.2961	0.0759
5272	0.3229	0.0715
5275	0.3442	0.0699
5278	0.3591	0.0649
5281	0.3675	0.0609
5284	0.3737	0.0589
5287	0.3741	0.0591
5290	0.3816	0.0823
5293	0.3885	0.1032
5296	0.4033	0.1248
5299	0.434	0.1184
5302	0.4954	0.1195
5305	0.5303	0.1108
5308	0.5585	0.1031
5311	0.5792	0.0961
5314	0.5933	0.0923
5317	0.6106	0.0841
5320	0.6364	0.0923
5323	0.6374	0.071
5326	0.6403	0.07
5329	0.6387	0.0707
5332	0.6278	0.0877
5335	0.6224	0.0933
5338	0.6178	0.1012
5341	0.6091	0.0956
5344	0.5857	0.1112
5347	0.5906	0.0923
5350	0.5905	0.1005
5353	0.5904	0.1163
5356	0.5894	0.1316
5359	0.5913	0.1491
5362	0.5709	0.1736
5365	0.561	0.1559
5368	0.5187	0.1605
5371	0.5074	0.1719
5374	0.5071	0.1396
5377	0.5108	0.1307
5380	0.5122	0.1206
5383	0.5037	0.1139
5386	0.4937	0.1233
5389	0.4889	0.1269
5392	0.4783	0.1254
5395	0.471	0.1617
5398	0.4829	0.1326
5401	0.4824	0.1219
5404	0.4846	0.1177
5407	0.4861	0.1127
5410	0.4917	0.1061
5413	0.4936	0.0987
5416	0.5036	0.1104
5419	0.5014	0.1556
5422	0.5118	0.125
5425	0.524	0.1181
5428	0.5334	0.1185
5431	0.534	0.1228
5434	0.5363	0.1302
5437	0.5425	0.1299
5440	0.5467	0.1321
5443	0.5517	0.1383
5446	0.5499	0.1988
5449	0.5622	0.1504
5452	0.5704	0.1505
5455	0.5726	0.1334
5458	0.5779	0.1317
5461	0.5823	0.128
5464	0.5928	0.1129
5467	0.603	0.1018
5470	0.6259	0.1537
5473	0.6253	0.095
5476	0.6307	0.0883
5479	0.6306	0.0935
5482	0.6301	0.0976
5485	0.6299	0.0936
5488	0.6329	0.0928
5491	0.6301	0.0899
5494	0.6437	0.1531
5497	0.6458	0.0982
5500	0.6626	0.0901
5503	0.6828	0.0903
5506	0.6934	0.0787
5509	0.6968	0.0712
5512	0.7024	0.0757
5515	0.703	0.0723
5518	0.7045	0.0714
5521	0.7137	0.1491
5524	0.7133	0.0794
5527	0.7097	0.0847
5530	0.7135	0.0755
5533	0.7129	0.0862
5536	0.7087	0.093
5539	0.7105	0.0859
5542	0.7083	0.0752
5545	0.7115	0.1416
5548	0.7092	0.0769
5551	0.7102	0.0677
5554	0.7105	0.0676
5557	0.7083	0.0688
5560	0.7087	0.0648
5563	0.707	0.0758
5566	0.7053	0.0804
5569	0.7021	0.161
5572	0.6998	0.1108
5575	0.6962	0.1088
5578	0.6969	0.1109
5581	0.6964	0.1031
5584	0.6993	0.0932
5587	0.7013	0.0933
5590	0.7015	0.0866
5593	0.7004	0.0782
5596	0.6948	0.1422
5599	0.6992	0.076
5602	0.6977	0.0625
5605	0.6977	0.0619
5608	0.6946	0.0558
5611	0.6949	0.06
5614	0.6889	0.0596
5617	0.6897	0.0617
5620	0.688	0.1247
5623	0.6895	0.0687
5626	0.6867	0.059
5629	0.6885	0.0524
5632	0.6867	0.0507
5635	0.6894	0.0435
5638	0.6887	0.0391
5641	0.6889	0.0368
5644	0.6909	0.116
5647	0.6912	0.0368
5650	0.6899	0.0376
5653	0.6874	0.0426
5656	0.6858	0.0426
5659	0.6864	0.0333
5662	0.6856	0.0377
5665	0.6857	0.0328
5668	0.6833	0.0293
5671	0.6879	0.0963
5674	0.6875	0.0341
5677	0.6891	0.0328
5680	0.6887	0.0275
5683	0.6887	0.0259
5686	0.6879	0.024
5689	0.688	0.0274
5692	0.6872	0.0249
5695	0.6851	0.0934
5698	0.6886	0.0313
5701	0.689	0.0301
5704	0.6862	0.0205
5707	0.6862	0.0174
5710	0.6824	0.0215
5713	0.6806	0.0177
5716	0.6772	0.0144
5719	0.6774	0.083
5722	0.6775	0.0077
5725	0.6766	0.0095
5728	0.6776	0.0067
5731	0.678	0.0093
5734	0.6772	0.0058
