1	0.308786	0.70271
4	0.301324	0.0554333
7	0.302462	0.0626905
10	0.3126	0.0700238
13	0.331724	0.0675762
16	0.348448	0.0624
19	0.358129	0.0646905
22	0.373167	0.0508952
25	0.384643	0.0540952
28	0.385324	0.0560381
31	0.380776	0.0579286
34	0.377857	0.054781
37	0.377829	0.0528429
40	0.372914	0.0487905
43	0.368648	0.0461524
46	0.355557	0.0520381
49	0.352176	0.0372286
52	0.348471	0.0354905
55	0.347448	0.034881
58	0.349081	0.0312524
61	0.349552	0.0322
64	0.347676	0.0308286
67	0.347186	0.0278952
70	0.338662	0.0385476
73	0.34041	0.024
76	0.339448	0.0260905
79	0.341495	0.030519
82	0.347367	0.0402857
85	0.35901	0.0534333
88	0.3731	0.0640429
91	0.386024	0.0706905
94	0.401229	0.110286
97	0.414576	0.0818714
100	0.42839	0.0732571
103	0.439805	0.0706429
106	0.443219	0.0758333
109	0.445543	0.0788714
112	0.443333	0.0826333
115	0.436919	0.0879714
118	0.428786	0.0900286
121	0.420305	0.111014
124	0.428329	0.089781
127	0.4334	0.0872048
130	0.440514	0.0898476
133	0.441562	0.0853476
136	0.446952	0.0798333
139	0.4477	0.0749238
142	0.449052	0.0701095
145	0.437467	0.0852619
148	0.437186	0.0608381
151	0.434895	0.0575571
154	0.431724	0.0550714
157	0.426243	0.0550476
160	0.421405	0.0447952
163	0.416833	0.0450952
166	0.413352	0.0443333
169	0.401457	0.0648571
172	0.399271	0.0423381
175	0.395357	0.0364
178	0.393433	0.0351333
181	0.39161	0.0305381
184	0.389048	0.0314429
187	0.3864	0.0272857
190	0.384714	0.0226476
193	0.382676	0.0174095
196	0.37609	0.0390524
199	0.376286	0.0153286
202	0.376095	0.0111429
205	0.375776	0.0118238
208	0.375871	0.00972381
211	0.375957	0.00992381
214	0.376076	0.00981905
217	0.376076	0.00998571
220	0.377857	0.0352524
223	0.378224	0.0142857
226	0.378381	0.00900952
229	0.377433	0.00939048
232	0.377195	0.0094
235	0.377343	0.0103286
238	0.376457	0.0111762
241	0.376262	0.0120952
244	0.372538	0.0386286
247	0.373957	0.0152714
250	0.3749	0.00911905
253	0.374795	0.00704762
256	0.374367	0.00643333
259	0.374281	0.00639048
262	0.373662	0.0062381
265	0.37251	0.00690476
268	0.372433	0.00601429
271	0.369124	0.0305238
274	0.36879	0.00922381
277	0.368648	0.00944286
280	0.372038	0.0102714
283	0.375086	0.0122095
286	0.377724	0.0162333
289	0.378457	0.0160095
292	0.376624	0.0137
295	0.369205	0.0378429
298	0.365229	0.0164619
301	0.3619	0.0111381
304	0.360857	0.00993333
307	0.3613	0.0102714
310	0.361962	0.012919
313	0.362062	0.0142952
316	0.362467	0.0124429
319	0.364081	0.0446238
322	0.364576	0.0165429
325	0.365148	0.0141762
328	0.365576	0.0139524
331	0.365957	0.0140333
334	0.366024	0.00681905
337	0.365762	0.00726667
340	0.369105	0.0126333
343	0.373048	0.0184
346	0.376476	0.0495619
349	0.381467	0.0253286
352	0.385652	0.0246286
355	0.389038	0.0253476
358	0.392781	0.0203905
361	0.39531	0.0181714
364	0.3954	0.0184952
367	0.395362	0.016319
370	0.394071	0.0418905
373	0.393719	0.0175476
376	0.3911	0.0166667
379	0.38781	0.0154381
382	0.387857	0.0185762
385	0.39161	0.0236381
388	0.397848	0.0296381
391	0.406495	0.037419
394	0.401343	0.0640952
397	0.410914	0.0444714
400	0.41459	0.0431619
403	0.41949	0.0432429
406	0.425533	0.0483381
409	0.433057	0.0544762
412	0.442743	0.0644619
415	0.450819	0.0695619
418	0.45759	0.0753619
421	0.465905	0.125719
424	0.47769	0.0967429
427	0.487157	0.100819
430	0.496033	0.104914
433	0.508105	0.110452
436	0.517076	0.114052
439	0.52041	0.116043
442	0.525262	0.115895
445	0.533562	0.14681
448	0.537052	0.120086
451	0.543195	0.117633
454	0.54909	0.114529
457	0.55439	0.110676
460	0.5594	0.105981
463	0.564343	0.100352
466	0.567771	0.0939476
469	0.577248	0.124343
472	0.577948	0.0834714
475	0.578729	0.077081
478	0.580067	0.0722095
481	0.57979	0.0760286
484	0.580724	0.0689333
487	0.580633	0.0621143
490	0.580586	0.0565476
493	0.580886	0.0539762
496	0.575324	0.086381
499	0.574357	0.0538619
502	0.573929	0.0533714
505	0.571733	0.0549333
508	0.570957	0.0563571
511	0.571629	0.062919
514	0.574343	0.0691524
517	0.590481	0.065419
520	0.618262	0.13651
523	0.636281	0.0723095
526	0.6437	0.0761095
529	0.648862	0.0725333
532	0.651233	0.0714429
535	0.651657	0.0712
538	0.653162	0.0697857
541	0.655114	0.0684714
544	0.664076	0.129086
547	0.66209	0.070281
550	0.661129	0.0678667
553	0.660881	0.0594238
556	0.659595	0.0572381
559	0.658762	0.0567143
562	0.658819	0.0718714
565	0.658119	0.0785905
568	0.659286	0.0860619
571	0.655424	0.112843
574	0.655076	0.0635905
577	0.654652	0.0410476
580	0.65411	0.0348429
583	0.654381	0.034781
586	0.653524	0.0393429
589	0.653157	0.0388857
592	0.655638	0.0441857
595	0.66679	0.106214
598	0.672448	0.0547286
601	0.67411	0.0540905
604	0.678133	0.048919
607	0.688171	0.0496286
610	0.692905	0.0508762
613	0.693414	0.0525238
616	0.696214	0.055619
619	0.708638	0.119933
622	0.708476	0.0614095
625	0.708019	0.0605619
628	0.707881	0.0584381
631	0.71121	0.0572952
634	0.71291	0.0551524
637	0.713333	0.0531524
640	0.713619	0.0485429
643	0.713267	0.0489143
646	0.715905	0.0993857
649	0.714762	0.0492524
652	0.713814	0.0514714
655	0.712733	0.050319
658	0.711171	0.047681
661	0.710233	0.0478619
664	0.709676	0.0463381
667	0.708819	0.0473714
670	0.707362	0.100043
673	0.706281	0.0568048
676	0.705243	0.0517524
679	0.703738	0.0477619
682	0.703205	0.0492476
685	0.703343	0.0448952
688	0.702119	0.0426333
691	0.702195	0.041581
694	0.701014	0.102195
697	0.701229	0.0509952
700	0.700943	0.0462714
703	0.701248	0.0408
706	0.701643	0.0370381
709	0.701538	0.036719
712	0.7019	0.0354
715	0.702271	0.033681
718	0.702771	0.0251476
721	0.703795	0.0762048
724	0.703829	0.027119
727	0.703929	0.0236476
730	0.704	0.0199714
733	0.70381	0.0151857
736	0.703895	0.0143619
739	0.703971	0.0104143
742	0.703686	0.00660952
745	0.703505	0.0530238
748	0.7038	0.0103857
751	0.703605	0.00781429
754	0.703786	0.00517143
757	0.704129	0.00519524
760	0.70441	0.00529524
763	0.704195	0.00531905
766	0.704438	0.0054619
769	0.706129	0.0587
772	0.7067	0.0082619
775	0.706448	0.0068
778	0.706471	0.00713333
781	0.706124	0.00627619
784	0.705438	0.00794286
787	0.704743	0.0126333
790	0.704252	0.0162
793	0.703886	0.0174524
796	0.701219	0.059119
799	0.699886	0.0277905
802	0.698162	0.0297524
805	0.697886	0.0301429
808	0.69751	0.0288476
811	0.697533	0.0283
814	0.697762	0.0279095
817	0.698957	0.026019
820	0.702124	0.0721571
823	0.702438	0.0192667
826	0.703919	0.0178762
829	0.704748	0.0144619
832	0.705552	0.0106286
835	0.706043	0.00862381
838	0.706676	0.00735714
841	0.706767	0.0079619
844	0.707448	0.0510238
847	0.707705	0.0128381
850	0.70751	0.00948571
853	0.707467	0.00851905
856	0.707643	0.00845238
859	0.70751	0.00737619
862	0.707176	0.00832857
865	0.707014	0.0108762
868	0.707229	0.00918571
871	0.706929	0.0417095
874	0.706843	0.00968571
877	0.70669	0.00956667
880	0.705767	0.0425524
883	0.706143	0.00841429
886	0.706	0.0082619
889	0.706267	0.00843333
892	0.70629	0.00959524
895	0.706595	0.00784762
898	0.706614	0.00786667
901	0.706443	0.00759524
904	0.70641	0.0423143
907	0.706586	0.00871429
910	0.70669	0.00914762
913	0.706657	0.00660476
916	0.706452	0.0077381
919	0.706405	0.0051
922	0.706557	0.00308571
925	0.706605	0.00246667
928	0.706738	0.00144286
931	0.70591	0.0339095
934	0.705948	0.00498571
937	0.705548	0.0055619
940	0.705343	0.00789048
943	0.70521	0.00794762
946	0.704933	0.00729048
949	0.705152	0.00634286
952	0.70551	0.00579524
955	0.70559	0.0395381
958	0.705052	0.00880476
961	0.705248	0.00957619
964	0.70539	0.0078
967	0.705443	0.00567619
970	0.70509	0.00675714
973	0.704557	0.00749524
976	0.70431	0.00882857
979	0.703005	0.0491143
982	0.703362	0.0146905
985	0.703795	0.0129143
988	0.704205	0.00905714
991	0.703938	0.00820952
994	0.70441	0.0071619
997	0.704314	0.00710476
1000	0.704681	0.00831429
1003	0.704838	0.0067381
1006	0.703986	0.0409286
1009	0.703905	0.00752381
1012	0.703443	0.0472952
1015	0.702971	0.0109238
1018	0.70329	0.0113952
1021	0.70339	0.0104
1024	0.702781	0.00928095
1027	0.703029	0.00870952
1030	0.7028	0.00727143
1033	0.70279	0.00854762
1036	0.703557	0.0428095
1039	0.703348	0.0105381
1042	0.703314	0.0128476
1045	0.703829	0.0129286
1048	0.703276	0.0131524
1051	0.703171	0.0121619
1054	0.703357	0.00886667
1057	0.703533	0.00920952
1060	0.702514	0.0530381
1063	0.702486	0.0132
1066	0.702381	0.0106952
1069	0.70281	0.00895714
1072	0.702814	0.0101905
1075	0.702795	0.00729524
1078	0.702719	0.00700476
1081	0.702481	0.00688095
1084	0.702481	0.00768571
1087	0.701681	0.0460857
1090	0.702333	0.0135905
1093	0.702148	0.0108286
1096	0.702186	0.0098619
1099	0.702162	0.0113667
1102	0.701605	0.0109429
1105	0.701519	0.0102381
1108	0.701757	0.00959048
1111	0.701143	0.049819
1114	0.701429	0.0140476
1117	0.701552	0.0130238
1120	0.702048	0.0120048
1123	0.702614	0.0121667
1126	0.701929	0.0126667
1129	0.701414	0.016481
1132	0.701681	0.018781
1135	0.702429	0.0589762
1138	0.702186	0.022081
1141	0.702295	0.0190429
1144	0.702129	0.0157476
1147	0.702081	0.0145333
1150	0.70241	0.0143095
1153	0.702671	0.0154524
1156	0.702429	0.0145762
1159	0.702443	0.015881
1162	0.701857	0.0523429
1165	0.70169	0.0193381
1168	0.702252	0.0182667
1171	0.702524	0.0165
1174	0.702657	0.0145333
1177	0.702443	0.0135238
1180	0.702514	0.0126238
1183	0.702429	0.0128762
1186	0.702214	0.0561762
1189	0.702438	0.0179905
1192	0.702238	0.0141048
1195	0.702095	0.0129381
1198	0.702095	0.0110524
1201	0.702329	0.0073619
1204	0.701848	0.00617619
1207	0.702143	0.00490952
1210	0.70319	0.0470286
1213	0.702495	0.00956667
1216	0.702171	0.00798571
1219	0.702062	0.0055619
1222	0.702129	0.00623333
1225	0.702295	0.00708095
1228	0.70249	0.00967143
1231	0.702533	0.010219
1234	0.702	0.0115619
1237	0.700833	0.0450476
1240	0.700438	0.0133048
1243	0.700833	0.0139286
1246	0.701157	0.0121286
1249	0.701138	0.0114667
1252	0.701105	0.00933333
1255	0.701305	0.00858571
1258	0.701533	0.00863333
1261	0.701533	0.0496571
1264	0.701776	0.0105381
1267	0.701624	0.0107238
1270	0.701905	0.00935714
1273	0.702262	0.00839048
1276	0.702881	0.0102952
1279	0.703214	0.0125143
1282	0.70331	0.0116524
1285	0.70281	0.0488143
1288	0.702814	0.0152286
1291	0.702943	0.0137524
1294	0.70331	0.0132524
1297	0.702586	0.0155571
1300	0.702929	0.0136381
1303	0.703429	0.0126143
1306	0.703371	0.0102381
1309	0.703105	0.0102619
1312	0.701367	0.0475238
1315	0.701295	0.0144952
1318	0.701514	0.0102095
1321	0.701486	0.00872857
1324	0.7018	0.00749048
1327	0.702348	0.00605238
1330	0.702624	0.00596667
1333	0.70271	0.00632857
1336	0.70311	0.0524619
1339	0.703624	0.0139857
1342	0.703452	0.0127571
1345	0.703324	0.0116381
1348	0.703133	0.0117857
1351	0.703033	0.0127476
1354	0.702743	0.0146524
1357	0.702943	0.0159714
1360	0.70249	0.0655048
1363	0.702195	0.022881
1366	0.702305	0.0219
1369	0.701852	0.0187
1372	0.702267	0.0198571
1375	0.702324	0.0157857
1378	0.702162	0.0134095
1381	0.702614	0.0125857
1384	0.702857	0.0111048
1387	0.704381	0.0513667
1390	0.704214	0.0159762
1393	0.704505	0.0110952
1396	0.7046	0.0132333
1399	0.705157	0.0100762
1402	0.705119	0.0084619
1405	0.705171	0.00828571
1408	0.705176	0.00920476
1411	0.704376	0.0509857
1414	0.704314	0.0167381
1417	0.704471	0.0187238
1420	0.704376	0.0202333
1423	0.704362	0.0244238
1426	0.704395	0.0329857
1429	0.70439	0.0455524
1432	0.703971	0.0526952
1435	0.705938	0.0945333
1438	0.705967	0.0684429
1441	0.706229	0.0823238
1444	0.706924	0.0939333
1447	0.708752	0.102233
1450	0.709076	0.108652
1453	0.709571	0.111848
1456	0.7092	0.123124
1459	0.710752	0.127838
1462	0.711871	0.152871
1465	0.7122	0.150467
1468	0.713552	0.182505
1471	0.714838	0.19671
1474	0.714619	0.212
1477	0.715733	0.216986
1480	0.715414	0.22189
1483	0.71741	0.231138
1486	0.719781	0.246114
1489	0.722667	0.249543
1492	0.724695	0.266029
1495	0.72689	0.274476
1498	0.726133	0.281038
1501	0.724624	0.277781
1504	0.724881	0.285871
1507	0.727862	0.28641
1510	0.731024	0.293671
1513	0.731857	0.284
1516	0.73349	0.307438
1519	0.734152	0.296033
1522	0.733857	0.310333
1525	0.73541	0.298067
1528	0.737419	0.301014
1531	0.734929	0.30281
1534	0.735643	0.303086
1537	0.733762	0.314171
1540	0.734376	0.319067
1543	0.73591	0.327043
1546	0.7387	0.338005
1549	0.738843	0.37199
1552	0.742519	0.344429
1555	0.745314	0.34419
1558	0.74719	0.34409
1561	0.745357	0.34779
1564	0.743595	0.344381
1567	0.7431	0.349148
1570	0.7437	0.356914
1573	0.744762	0.368686
1576	0.746405	0.374152
1579	0.74851	0.376452
1582	0.747305	0.383205
1585	0.748648	0.384186
1588	0.747476	0.381481
1591	0.745824	0.385514
1594	0.740652	0.391824
1597	0.734595	0.397567
1600	0.733576	0.40579
1603	0.734214	0.414057
1606	0.736467	0.420552
1609	0.736733	0.421148
1612	0.737743	0.423119
1615	0.740781	0.410895
1618	0.740586	0.395705
1621	0.740157	0.394362
1624	0.746338	0.388671
1627	0.74731	0.379095
1630	0.743819	0.380438
1633	0.739857	0.376719
1636	0.7409	0.3836
1639	0.742762	0.374467
1642	0.742376	0.373171
1645	0.74249	0.363671
1648	0.74111	0.350433
1651	0.73759	0.344695
1654	0.736029	0.346114
1657	0.7302	0.348348
1660	0.72931	0.354262
1663	0.731852	0.342952
1666	0.73391	0.347014
1669	0.735833	0.351848
1672	0.740948	0.356286
1675	0.737086	0.357157
1678	0.730048	0.355543
1681	0.725933	0.356381
1684	0.722905	0.352324
1687	0.720619	0.355229
1690	0.721262	0.349824
1693	0.725257	0.357967
1696	0.721529	0.349786
1699	0.719471	0.339119
1702	0.721876	0.336857
1705	0.720705	0.33851
1708	0.720643	0.329914
1711	0.717014	0.328162
1714	0.714267	0.328395
1717	0.713224	0.324148
1720	0.718424	0.315624
1723	0.720286	0.313552
1726	0.728586	0.312633
1729	0.734886	0.311414
1732	0.728014	0.346638
1735	0.695624	0.370129
1738	0.691967	0.337095
1741	0.686362	0.346295
1744	0.67549	0.343095
1747	0.637338	0.364586
1750	0.63001	0.320086
1753	0.598905	0.339062
1756	0.583433	0.3234
1759	0.570529	0.314614
1762	0.552229	0.308095
1765	0.541086	0.309714
1768	0.558671	0.304538
1771	0.574162	0.308214
1774	0.591333	0.310038
1777	0.612105	0.300943
1780	0.624476	0.285319
1783	0.622867	0.269576
1786	0.617743	0.266348
1789	0.614171	0.241967
1792	0.603014	0.231367
1795	0.595062	0.22189
1798	0.594995	0.226576
1801	0.60131	0.245152
1804	0.607081	0.253986
1807	0.6064	0.258205
1810	0.602705	0.282148
1813	0.603324	0.254929
1816	0.600838	0.255105
1819	0.592195	0.260905
1822	0.579086	0.25759
1825	0.555524	0.256467
1828	0.533052	0.260119
1831	0.525705	0.259462
1834	0.520505	0.250124
1837	0.4996	0.241362
1840	0.498486	0.225214
1843	0.499833	0.211729
1846	0.510938	0.190505
1849	0.515648	0.17409
1852	0.520533	0.158714
1855	0.513933	0.160481
1858	0.498943	0.167619
1861	0.499614	0.178305
1864	0.49349	0.166095
1867	0.487881	0.165224
1870	0.493471	0.178786
1873	0.504386	0.184267
1876	0.519481	0.186914
1879	0.530848	0.196167
1882	0.527319	0.217971
1885	0.511052	0.238357
1888	0.513476	0.234962
1891	0.521152	0.248352
1894	0.528586	0.252729
1897	0.509619	0.280695
1900	0.511957	0.303829
1903	0.549695	0.328281
1906	0.594333	0.353881
1909	0.618381	0.346395
1912	0.633481	0.339995
1915	0.654138	0.322676
1918	0.677462	0.308029
1921	0.689448	0.290433
1924	0.665319	0.301014
1927	0.643167	0.252971
1930	0.611024	0.23709
1933	0.527148	0.241671
1936	0.469219	0.211462
1939	0.44271	0.183657
1942	0.430619	0.166805
1945	0.425681	0.148171
1948	0.415962	0.134381
1951	0.393648	0.113938
1954	0.378867	0.0963857
1957	0.365186	0.0764571
1960	0.3646	0.0805952
1963	0.360605	0.0538476
1966	0.35419	0.0458952
1969	0.342076	0.0345048
1972	0.3262	0.0231762
1975	0.311552	0.0111286
1978	0.301262	0.0068
1981	0.2941	0.00671905
1984	0.27969	0.00672857
1987	0.247805	0.0159286
1990	0.245924	0.00825714
1993	0.245176	0.00840476
1996	0.240529	0.00904286
1999	0.227338	0.0100619
2002	0.236519	0.0371333
2005	0.256548	0.0638381
2008	0.281967	0.098381
2011	0.318481	0.132114
2014	0.398543	0.163552
2017	0.4662	0.178219
2020	0.507767	0.198376
2023	0.543014	0.226971
2026	0.59659	0.262067
2029	0.64001	0.27269
2032	0.650429	0.264762
2035	0.662895	0.271843
2038	0.668724	0.262395
2041	0.638419	0.256233
2044	0.565795	0.215124
2047	0.505943	0.193943
2050	0.473362	0.179671
2053	0.43531	0.158448
2056	0.398414	0.141743
2059	0.362943	0.116852
2062	0.320357	0.104129
2065	0.310562	0.081019
2068	0.305524	0.0631381
2071	0.302952	0.054419
2074	0.29311	0.0431333
2077	0.276333	0.0284
2080	0.254014	0.022219
2083	0.24049	0.0127333
2086	0.23099	0.0157619
2089	0.2306	0.00928571
2092	0.230524	0.00779524
2095	0.230448	0.00868095
2098	0.235052	0.00966667
2101	0.246638	0.0211095
2104	0.262524	0.0332857
2107	0.280824	0.0444762
2110	0.311157	0.0694667
2113	0.370781	0.0678905
2116	0.472752	0.0796952
2119	0.575571	0.0862238
2122	0.650267	0.0964429
2125	0.696776	0.109043
2128	0.734419	0.130029
2131	0.751062	0.132467
2134	0.763767	0.144281
2137	0.770224	0.14821
2140	0.76921	0.148138
2143	0.765714	0.15419
2146	0.7664	0.159519
2149	0.76881	0.159957
2152	0.759871	0.171538
2155	0.721752	0.186786
2158	0.674571	0.201929
2161	0.636167	0.205571
2164	0.625795	0.189114
2167	0.619919	0.175305
2170	0.615457	0.160967
2173	0.611862	0.1449
2176	0.569795	0.149067
2179	0.496143	0.127829
2182	0.430129	0.0969381
2185	0.340605	0.113186
2188	0.32351	0.0655952
2191	0.305681	0.0577429
2194	0.287157	0.0456333
2197	0.271705	0.0361429
2200	0.258895	0.0276238
2203	0.252157	0.0189667
2206	0.24761	0.0160095
2209	0.2416	0.0118143
2212	0.222429	0.0148048
2215	0.221586	0.00471429
2218	0.220552	0.00384286
2221	0.221529	0.00395238
2224	0.22049	0.00455238
2227	0.21961	0.00394286
2230	0.218748	0.00521429
2233	0.218267	0.00405714
2236	0.217905	0.00957143
2239	0.219257	0.00489524
2242	0.219229	0.00610952
2245	0.22041	0.00545238
2248	0.220905	0.0062381
2251	0.222038	0.00612381
2254	0.222829	0.0082
2257	0.221481	0.00781905
2260	0.223481	0.0148143
2263	0.223605	0.00858095
2266	0.230052	0.0181762
2269	0.246057	0.0410857
2272	0.265781	0.0652
2275	0.292562	0.0867095
2278	0.317867	0.101314
2281	0.332067	0.110419
2284	0.342562	0.112376
2287	0.34001	0.122329
2290	0.3456	0.11371
2293	0.340048	0.11189
2296	0.327352	0.106971
2299	0.320924	0.115224
2302	0.320424	0.124238
2305	0.319876	0.126833
2308	0.314252	0.118714
2311	0.302533	0.12601
2314	0.30271	0.115776
2317	0.302443	0.107238
2320	0.294219	0.0975667
2323	0.290195	0.0876905
2326	0.288248	0.0779
2329	0.275633	0.0695095
2332	0.254238	0.0595286
2335	0.232576	0.0580857
2338	0.2279	0.0422476
2341	0.225738	0.0380762
2344	0.222514	0.0326762
2347	0.218148	0.0275381
2350	0.221762	0.0312905
2353	0.228767	0.037419
2356	0.240219	0.0347571
2359	0.248729	0.029781
2362	0.248557	0.0314857
2365	0.241048	0.0243952
2368	0.231833	0.0234762
2371	0.222914	0.0225429
2374	0.217881	0.0216857
2377	0.21479	0.0202429
2380	0.210814	0.0188238
2383	0.211838	0.0294476
2386	0.216667	0.0639905
2389	0.262905	0.0838619
2392	0.335148	0.0988667
2395	0.415233	0.0994476
2398	0.464519	0.0928857
2401	0.485671	0.0884857
2404	0.495233	0.0872333
2407	0.49959	0.0816524
2410	0.439733	0.0945
2413	0.407395	0.0719143
2416	0.357981	0.053919
2419	0.305319	0.0458857
2422	0.264671	0.0322952
2425	0.239571	0.0216667
2428	0.223948	0.013419
2431	0.21649	0.00802381
2434	0.222652	0.0327571
2437	0.23221	0.0679476
2440	0.261781	0.0725286
2443	0.282171	0.0714
2446	0.288181	0.0680857
2449	0.279781	0.0655524
2452	0.253552	0.0620238
2455	0.236976	0.0579143
2458	0.236714	0.0561524
2461	0.228467	0.0587619
2464	0.220452	0.0434048
2467	0.218181	0.036881
2470	0.219324	0.0286381
2473	0.212705	0.0211905
2476	0.208281	0.0237571
2479	0.211814	0.0325095
2482	0.229971	0.0309571
2485	0.242886	0.0366857
2488	0.245495	0.0285524
2491	0.237957	0.0267048
2494	0.231662	0.0254048
2497	0.225048	0.0244762
2500	0.21909	0.0238857
2503	0.217995	0.0216095
2506	0.214843	0.0224857
2509	0.221562	0.0403619
2512	0.229852	0.0681905
2515	0.259838	0.0908429
2518	0.287357	0.103905
2521	0.325786	0.102871
2524	0.378119	0.104343
2527	0.406743	0.103157
2530	0.417914	0.0994143
2533	0.422895	0.0960381
2536	0.411657	0.101643
2539	0.400752	0.0932
2542	0.359014	0.0918952
2545	0.32471	0.0925667
2548	0.2763	0.0819
2551	0.263314	0.0707048
2554	0.257129	0.0577524
2557	0.250652	0.0447
2560	0.216362	0.044619
2563	0.205252	0.0253476
2566	0.196505	0.0155476
2569	0.191943	0.00585238
2572	0.191071	0.00218571
2575	0.19061	0.00115714
2578	0.190495	0.00097619
2581	0.190562	0.000657143
2584	0.190505	0.00106667
2587	0.188957	0.00807619
2590	0.189167	0.00129048
2593	0.189	0.00127619
2596	0.189552	0.00125238
2599	0.189471	0.00154286
2602	0.189033	0.000580952
2605	0.189029	0.000795238
2608	0.188976	0.0006
2611	0.188486	0.00669048
2614	0.18871	0.00175714
2617	0.188614	0.00163333
2620	0.188824	0.0015619
2623	0.190819	0.00404286
2626	0.210362	0.0269286
2629	0.231548	0.0537714
2632	0.250671	0.0678048
2635	0.255548	0.0772762
2638	0.265814	0.0908333
2641	0.290533	0.111957
2644	0.324967	0.155295
2647	0.373676	0.188671
2650	0.423938	0.212552
2653	0.484824	0.219143
2656	0.524276	0.218024
2659	0.543929	0.214638
2662	0.551305	0.214271
2665	0.538695	0.196314
2668	0.532257	0.194676
2671	0.533419	0.190676
2674	0.523971	0.185376
2677	0.493719	0.1831
2680	0.446695	0.178276
2683	0.411867	0.154257
2686	0.368838	0.160848
2689	0.37559	0.125962
2692	0.389029	0.106552
2695	0.396724	0.0965381
2698	0.391862	0.0882
2701	0.375214	0.0750667
2704	0.360743	0.0622476
2707	0.352105	0.0509857
2710	0.344705	0.0481952
2713	0.347029	0.0401238
2716	0.347067	0.0389667
2719	0.341729	0.0416524
2722	0.320681	0.0380048
2725	0.308105	0.0388429
2728	0.307157	0.0486
2731	0.3096	0.0591905
2734	0.311271	0.075519
2737	0.290705	0.0863857
2740	0.293976	0.0800571
2743	0.29749	0.0784905
2746	0.300433	0.0783619
2749	0.30979	0.0852048
2752	0.314414	0.0880238
2755	0.317024	0.0854524
2758	0.319429	0.0851524
2761	0.307567	0.0897429
2764	0.305162	0.0792524
2767	0.297586	0.076681
2770	0.293	0.066781
2773	0.28949	0.0663286
2776	0.283776	0.0665
2779	0.279305	0.0640667
2782	0.275114	0.059581
2785	0.2622	0.070281
2788	0.260352	0.0548571
2791	0.259119	0.0509
2794	0.256448	0.0489667
2797	0.25409	0.0455905
2800	0.253095	0.0411667
2803	0.251748	0.0398095
2806	0.251324	0.0346
2809	0.251962	0.0272952
2812	0.248257	0.0397857
2815	0.248552	0.0209571
2818	0.248376	0.0176238
2821	0.248224	0.0119762
2824	0.24851	0.011981
2827	0.24761	0.0102286
2830	0.246586	0.0150095
2833	0.245848	0.0166238
2836	0.24739	0.034419
2839	0.247714	0.013781
2842	0.2476	0.0120952
2845	0.247376	0.0118238
2848	0.246986	0.0111476
2851	0.248681	0.0115381
2854	0.24869	0.0113714
2857	0.245829	0.0120857
2860	0.243205	0.0351381
2863	0.243162	0.0129762
2866	0.2443	0.0149
2869	0.24531	0.0195762
2872	0.245505	0.0174905
2875	0.245586	0.0162524
2878	0.250386	0.0184857
2881	0.263733	0.0284667
2884	0.273171	0.0350571
2887	0.280376	0.065619
2890	0.282529	0.0421714
2893	0.282024	0.0401476
2896	0.279119	0.035381
2899	0.274438	0.0321619
2902	0.270814	0.0294714
2905	0.267862	0.0254714
2908	0.267114	0.0257095
2911	0.263533	0.0520714
2914	0.263471	0.0248429
2917	0.262695	0.0249095
2920	0.261629	0.0251952
2923	0.261338	0.0250524
2926	0.260338	0.0237143
2929	0.260686	0.0253714
2932	0.263462	0.0270048
2935	0.261119	0.0544381
2938	0.25889	0.0275238
2941	0.262333	0.0283143
2944	0.268238	0.0298714
2947	0.278524	0.037681
2950	0.291867	0.0450143
2953	0.304576	0.0500857
2956	0.327614	0.0537333
2959	0.40431	0.0563476
2962	0.473033	0.0960905
2965	0.538157	0.0585667
2968	0.600505	0.0648429
2971	0.6292	0.0656571
2974	0.672152	0.0693571
2977	0.688395	0.0711048
2980	0.696838	0.0735143
2983	0.717648	0.0758143
2986	0.738657	0.1351
2989	0.741795	0.0980048
2992	0.747219	0.10591
2995	0.750619	0.118848
2998	0.752257	0.130152
3001	0.755962	0.131329
3004	0.757438	0.135424
3007	0.756	0.146733
3010	0.754862	0.174676
3013	0.75011	0.145171
3016	0.751057	0.153414
3019	0.751533	0.157924
3022	0.752738	0.151438
3025	0.753738	0.144638
3028	0.756129	0.139395
3031	0.758143	0.12991
3034	0.758076	0.128929
3037	0.762129	0.15501
3040	0.76279	0.135962
3043	0.76369	0.123705
3046	0.764138	0.108529
3049	0.763481	0.0955
3052	0.763219	0.0842571
3055	0.763086	0.0833095
3058	0.76211	0.0878714
3061	0.763271	0.1293
3064	0.758238	0.0953667
3067	0.755619	0.104238
3070	0.754948	0.111471
3073	0.753495	0.113943
3076	0.75171	0.110871
3079	0.750638	0.112176
3082	0.750767	0.118619
3085	0.751262	0.166605
3088	0.75231	0.121643
3091	0.753214	0.123043
3094	0.75321	0.118086
3097	0.753052	0.10829
3100	0.752748	0.0966095
3103	0.7532	0.0895619
3106	0.753119	0.0824571
3109	0.753257	0.0752143
3112	0.751667	0.111152
3115	0.751024	0.065919
3118	0.7505	0.0574333
3121	0.749643	0.0545619
3124	0.748448	0.0538
3127	0.7496	0.0579714
3130	0.749143	0.0572857
3133	0.745733	0.0569333
3136	0.745267	0.0971143
3139	0.744471	0.0513095
3142	0.743967	0.0488286
3145	0.7439	0.0443619
3148	0.744781	0.0450143
3151	0.745119	0.040881
3154	0.744905	0.0387333
3157	0.744971	0.0379095
3160	0.744343	0.0957667
3163	0.74489	0.0441714
3166	0.744829	0.0394476
3169	0.74439	0.0355667
3172	0.744414	0.0300429
3175	0.744314	0.0351
3178	0.742048	0.0408143
3181	0.7409	0.0432286
3184	0.738824	0.0480524
3187	0.737062	0.10161
3190	0.734948	0.0581952
3193	0.733486	0.0534857
3196	0.733633	0.0486238
3199	0.73281	0.0437286
3202	0.732562	0.036281
3205	0.732	0.0338524
3208	0.73109	0.0318476
3211	0.730795	0.0833571
3214	0.731219	0.0283714
3217	0.730657	0.022919
3220	0.730243	0.0206714
3223	0.730243	0.0180619
3226	0.729476	0.0180429
3229	0.7289	0.0211286
3232	0.728395	0.0205095
3235	0.728795	0.0761857
3238	0.728652	0.0196429
3241	0.728633	0.0146857
3244	0.728386	0.0130286
3247	0.72821	0.0139619
3250	0.727643	0.0115714
3253	0.728124	0.0124714
3256	0.727629	0.0119524
3259	0.727743	0.00933333
3262	0.72789	0.0581524
3265	0.72789	0.0109333
3268	0.727767	0.0106905
3271	0.727657	0.00875238
3274	0.727529	0.00945238
3277	0.7281	0.0096619
3280	0.728486	0.00648095
3283	0.728781	0.00869524
3286	0.731	0.0564952
3289	0.731362	0.0100429
3292	0.731271	0.00951429
3295	0.731024	0.0092
3298	0.730838	0.00894762
3301	0.730543	0.00804762
3304	0.730676	0.00811429
3307	0.73041	0.00674762
3310	0.7302	0.0547333
3313	0.729143	0.0160095
3316	0.729657	0.0145714
3319	0.729286	0.0141857
3322	0.728924	0.015119
3325	0.729562	0.0141857
3328	0.729948	0.0160714
3331	0.730395	0.015881
3334	0.729886	0.0163238
3337	0.73089	0.0558714
3340	0.73079	0.0229476
3343	0.730857	0.0204524
3346	0.730705	0.0192619
3349	0.729919	0.0173619
3352	0.728867	0.0172095
3355	0.728919	0.0180571
3358	0.729029	0.0175286
3361	0.729048	0.0551952
3364	0.728852	0.0214762
3367	0.728905	0.0196857
3370	0.728838	0.0153429
3373	0.730005	0.0138667
3376	0.730633	0.0106
3379	0.730724	0.00702381
3382	0.730762	0.00675238
3385	0.731329	0.0502857
3388	0.731419	0.0127905
3391	0.731529	0.0104905
3394	0.731029	0.00931429
3397	0.730386	0.00779048
3400	0.730733	0.00528095
3403	0.730557	0.0061
3406	0.730486	0.00546667
3409	0.730605	0.00585238
3412	0.731357	0.0441143
3415	0.731067	0.00931429
3418	0.731129	0.00777619
3421	0.73099	0.0089619
3424	0.730919	0.00514286
3427	0.730724	0.00441429
3430	0.730895	0.0034619
3433	0.731695	0.00398571
3436	0.735414	0.0482286
3439	0.735143	0.00732381
3442	0.735333	0.00739048
3445	0.735471	0.00475714
3448	0.73539	0.00380952
3451	0.735314	0.00372381
3454	0.735443	0.0040381
3457	0.735238	0.00464286
3460	0.735414	0.044519
3463	0.735414	0.0125714
3466	0.735357	0.0108381
3469	0.735338	0.00839048
3472	0.735243	0.00809524
3475	0.735205	0.00474286
3478	0.734824	0.00295238
3481	0.734838	0.00347619
3484	0.734805	0.00251429
3487	0.735476	0.0360143
3490	0.735519	0.00667619
3493	0.735214	0.00443333
3496	0.73511	0.0042381
3499	0.734862	0.00221429
3502	0.734843	0.00321429
3505	0.734662	0.00292857
3508	0.734557	0.00336667
3511	0.735124	0.0355381
3514	0.735443	0.00587143
3517	0.735038	0.00287619
3520	0.735252	0.00220952
3523	0.735267	0.00182857
3526	0.735071	0.00119524
3529	0.734862	0.000847619
3532	0.734981	0.000852381
3535	0.735267	0.0348476
3538	0.73501	0.00445238
3541	0.734776	0.00393333
3544	0.734829	0.0038
3547	0.734752	0.00554286
3550	0.734862	0.00570476
3553	0.734724	0.00467619
3556	0.734738	0.00588095
3559	0.734605	0.00567143
3562	0.734462	0.0309476
3565	0.734238	0.00614286
3568	0.734552	0.00504286
3571	0.735138	0.0367571
3574	0.734933	0.00645238
3577	0.734481	0.00483333
3580	0.734633	0.00567619
3583	0.73449	0.00607143
3586	0.73411	0.0061619
3589	0.7343	0.00538095
3592	0.734238	0.00616667
3595	0.734119	0.0386048
3598	0.734257	0.00802857
3601	0.7341	0.00660952
3604	0.734233	0.0037381
3607	0.734448	0.0044619
3610	0.73451	0.00311905
3613	0.734986	0.00418571
3616	0.735019	0.00518571
3619	0.735714	0.0409619
3622	0.735505	0.0141048
3625	0.735438	0.0139476
3628	0.735348	0.00974286
3631	0.734624	0.00836667
3634	0.734567	0.00779524
3637	0.734267	0.00731429
3640	0.733986	0.0071
3643	0.73411	0.00682857
3646	0.734548	0.0377095
3649	0.734414	0.0117286
3652	0.734695	0.00872381
3655	0.734767	0.0074381
3658	0.734833	0.00607619
3661	0.73461	0.00511429
3664	0.73499	0.00368571
3667	0.734957	0.00495238
3670	0.735833	0.0374286
3673	0.735057	0.0110714
3676	0.734729	0.0116048
3679	0.735124	0.0102143
3682	0.734962	0.0134381
3685	0.73491	0.00991429
3688	0.734995	0.00755714
3691	0.734743	0.00432381
3694	0.73539	0.0379333
3697	0.734714	0.0191619
3700	0.734786	0.025381
3703	0.734867	0.0294333
3706	0.734576	0.0309286
3709	0.733819	0.0306381
3712	0.733329	0.0300381
3715	0.733057	0.0278952
3718	0.732638	0.0281095
3721	0.732438	0.0541476
3724	0.732495	0.0295857
3727	0.732795	0.0279571
3730	0.732752	0.0269905
3733	0.732719	0.0265048
3736	0.732114	0.0270333
3739	0.731681	0.0257619
3742	0.7313	0.0255381
3745	0.731824	0.0497571
3748	0.731981	0.0241476
3751	0.73191	0.021481
3754	0.731362	0.0184
3757	0.731638	0.0148333
3760	0.731348	0.00561429
3763	0.730543	0.00647143
3766	0.729048	0.00687619
3769	0.729624	0.0444667
3772	0.729657	0.0144143
3775	0.730162	0.0176143
3778	0.730557	0.0184048
3781	0.731957	0.0209667
3784	0.731686	0.0187762
3787	0.73129	0.0194667
3790	0.731462	0.017
3793	0.731129	0.0179333
3796	0.731186	0.0622905
3799	0.730043	0.0349143
3802	0.729286	0.0363952
3805	0.728395	0.0377286
3808	0.728605	0.0392571
3811	0.728548	0.0373524
3814	0.72901	0.0331429
3817	0.729095	0.0290762
3820	0.733724	0.0783095
3823	0.7333	0.0181048
3826	0.733352	0.00927619
3829	0.733262	0.0065
3832	0.733619	0.0053619
3835	0.733243	0.00651905
3838	0.732867	0.00555238
3841	0.732681	0.00578095
3844	0.732752	0.0474
3847	0.732795	0.0132286
3850	0.732886	0.0104667
3853	0.732952	0.00829524
3856	0.73261	0.00841905
3859	0.732076	0.00881905
3862	0.732824	0.00869048
3865	0.732943	0.0118381
3868	0.733238	0.0113857
3871	0.73431	0.0460381
3874	0.734629	0.0145667
3877	0.735348	0.0104619
3880	0.735471	0.0124
3883	0.735067	0.0125905
3886	0.734448	0.00879524
3889	0.734462	0.00860952
3892	0.734529	0.0125143
3895	0.733895	0.0518571
3898	0.734224	0.0236667
3901	0.732276	0.024919
3904	0.733881	0.0211762
3907	0.734176	0.0176667
3910	0.73421	0.0138333
3913	0.734062	0.0120857
3916	0.734005	0.0108286
3919	0.734352	0.0487524
3922	0.734457	0.0151381
3925	0.734676	0.0111
3928	0.734738	0.0107476
3931	0.733695	0.0105
3934	0.734433	0.00959524
3937	0.734786	0.00631429
3940	0.734705	0.00795238
3943	0.734448	0.0082
3946	0.734786	0.0366429
3949	0.735081	0.00779048
3952	0.734805	0.00596667
3955	0.735	0.00512381
3958	0.734967	0.00722381
3961	0.734524	0.00895714
3964	0.734119	0.00904286
3967	0.73471	0.00645714
3970	0.7355	0.0438524
3973	0.735057	0.00934762
3976	0.73521	0.00720476
3979	0.735338	0.00845714
3982	0.733852	0.0110238
3985	0.730981	0.0123762
3988	0.733652	0.00892381
3991	0.735086	0.00608095
3994	0.73489	0.0421048
3997	0.734614	0.00714762
4000	0.7345	0.00591905
4003	0.734371	0.00413333
4006	0.734371	0.00502857
4009	0.7346	0.00347619
4012	0.734819	0.00252381
4015	0.734662	0.00452857
4018	0.734471	0.00785238
4021	0.734671	0.0445857
4024	0.734395	0.0147143
4027	0.734652	0.0132476
4030	0.73389	0.0124429
4033	0.734367	0.0125952
4036	0.734548	0.0126333
4039	0.734248	0.0106238
4042	0.734667	0.00882857
4045	0.734633	0.0437571
4048	0.734405	0.00781905
4051	0.734224	0.00494762
4054	0.734167	0.00282381
4057	0.734338	0.00314762
4060	0.734352	0.00342857
4063	0.734343	0.0060619
4066	0.734567	0.0075619
4069	0.734005	0.0537619
4072	0.733567	0.0100714
4075	0.733567	0.0078381
4078	0.733829	0.00491905
4081	0.73381	0.00477619
4084	0.733805	0.00647143
4087	0.734043	0.00866667
4090	0.733962	0.00807619
4093	0.733643	0.00776667
4096	0.735571	0.0457429
4099	0.73539	0.0142905
4102	0.734486	0.0111714
4105	0.734562	0.00945714
4108	0.734529	0.0092
4111	0.734176	0.00722381
4114	0.733662	0.00679524
4117	0.733448	0.00792857
4120	0.732995	0.0433714
4123	0.732686	0.0113619
4126	0.732881	0.0102286
4129	0.732567	0.0166524
4132	0.732281	0.0226714
4135	0.731719	0.0287095
4138	0.731071	0.035319
4141	0.730571	0.0402048
4144	0.730638	0.0853857
4147	0.730576	0.052719
4150	0.730243	0.0557048
4153	0.730005	0.0585905
4156	0.729719	0.0607762
4159	0.728686	0.0645619
4162	0.727833	0.0750238
4165	0.727114	0.080519
4168	0.727014	0.0857667
4171	0.72681	0.115833
4174	0.727081	0.10249
4177	0.728595	0.0922524
4180	0.728814	0.102786
4183	0.733105	0.0961762
4186	0.736681	0.107805
4189	0.738357	0.1131
4192	0.739567	0.104662
4195	0.73941	0.141743
4198	0.738995	0.132486
4201	0.738243	0.159257
4204	0.73619	0.174838
4207	0.735771	0.1969
4210	0.734419	0.211167
4213	0.736867	0.227733
4216	0.737462	0.245748
4219	0.741267	0.260448
4222	0.74359	0.247529
4225	0.747571	0.262767
4228	0.752029	0.261862
4231	0.756876	0.272676
4234	0.758786	0.288471
4237	0.7578	0.295733
4240	0.756405	0.3215
4243	0.759752	0.339481
4246	0.758905	0.32621
4249	0.751819	0.3489
4252	0.748105	0.350876
4255	0.743562	0.374481
4258	0.744224	0.370205
4261	0.743557	0.389724
4264	0.744429	0.37841
4267	0.746743	0.379281
4270	0.748048	0.3762
4273	0.750381	0.381333
4276	0.752243	0.384243
4279	0.752133	0.393048
4282	0.757481	0.39821
4285	0.76371	0.396181
4288	0.764281	0.399324
4291	0.76631	0.39201
4294	0.761981	0.403248
4297	0.756619	0.380843
4300	0.750286	0.382367
4303	0.749024	0.384824
4306	0.743062	0.383329
4309	0.744967	0.378062
4312	0.748929	0.372119
4315	0.746438	0.370557
4318	0.740367	0.384538
4321	0.739795	0.382033
4324	0.735738	0.380162
4327	0.736643	0.38221
4330	0.737348	0.36239
4333	0.736895	0.367629
4336	0.734605	0.365
4339	0.7298	0.361343
4342	0.726014	0.357724
4345	0.720371	0.366038
4348	0.717381	0.360829
4351	0.716624	0.360924
4354	0.7184	0.356057
4357	0.71861	0.351852
4360	0.724657	0.344171
4363	0.730848	0.341586
4366	0.732752	0.345738
4369	0.738214	0.348952
4372	0.741067	0.347152
4375	0.741843	0.346595
4378	0.737786	0.359271
4381	0.743562	0.352267
4384	0.743314	0.358029
4387	0.744129	0.358848
4390	0.743386	0.362405
4393	0.735186	0.380824
4396	0.733824	0.364243
4399	0.731576	0.356924
4402	0.723519	0.349733
4405	0.716862	0.339362
4408	0.694633	0.347
4411	0.684119	0.335271
4414	0.69119	0.332667
4417	0.706681	0.331381
4420	0.725814	0.341976
4423	0.728048	0.337386
4426	0.715752	0.341905
4429	0.709786	0.35351
4432	0.706219	0.356214
4435	0.70311	0.351857
4438	0.692133	0.347052
4441	0.686205	0.34549
4444	0.679762	0.360252
4447	0.666371	0.350033
4450	0.655995	0.347229
4453	0.644833	0.344395
4456	0.6348	0.34391
4459	0.624781	0.344848
4462	0.630514	0.346343
4465	0.634614	0.353
4468	0.645519	0.362633
4471	0.648581	0.374119
4474	0.655886	0.372
4477	0.6558	0.374595
4480	0.654752	0.379843
4483	0.658633	0.380519
4486	0.662967	0.40041
4489	0.66719	0.373557
4492	0.677676	0.376481
4495	0.685029	0.37479
4498	0.695238	0.377519
4501	0.704752	0.383095
4504	0.722986	0.386929
4507	0.737567	0.385171
4510	0.744429	0.38779
4513	0.755243	0.387186
4516	0.759229	0.374724
4519	0.75689	0.38079
4522	0.754205	0.368776
4525	0.751614	0.36099
4528	0.752162	0.366719
4531	0.7505	0.3585
4534	0.751814	0.356614
4537	0.756086	0.351152
4540	0.754448	0.34001
4543	0.757176	0.333838
4546	0.749905	0.338105
4549	0.745286	0.334148
4552	0.735414	0.34071
4555	0.728662	0.358448
4558	0.723638	0.391148
4561	0.72379	0.376805
4564	0.724081	0.398229
4567	0.730786	0.38331
4570	0.732162	0.396543
4573	0.727195	0.369352
4576	0.719062	0.360495
4579	0.706852	0.348967
4582	0.703662	0.349014
4585	0.705129	0.343543
4588	0.703333	0.336729
4591	0.707605	0.341724
4594	0.715995	0.347048
4597	0.72079	0.324857
4600	0.712338	0.326119
4603	0.707633	0.320824
4606	0.706729	0.316629
4609	0.708186	0.308962
4612	0.713752	0.3065
4615	0.719619	0.289633
4618	0.720762	0.282486
4621	0.721129	0.27719
4624	0.708071	0.273595
4627	0.695257	0.259095
4630	0.688729	0.266781
4633	0.681971	0.284219
4636	0.679676	0.288
4639	0.685329	0.286629
4642	0.692857	0.293605
4645	0.696762	0.3078
4648	0.704733	0.304952
4651	0.707062	0.307633
4654	0.714529	0.303748
4657	0.723476	0.302819
4660	0.73121	0.300071
4663	0.735843	0.28649
4666	0.735652	0.279819
4669	0.719148	0.280629
4672	0.708314	0.2606
4675	0.695505	0.274576
4678	0.691471	0.255181
4681	0.669443	0.262171
4684	0.65781	0.261833
4687	0.648795	0.233633
4690	0.644762	0.22951
4693	0.651014	0.224038
4696	0.651614	0.233443
4699	0.658671	0.231362
4702	0.666948	0.234543
4705	0.672638	0.243233
4708	0.679795	0.249219
4711	0.691581	0.260024
4714	0.706343	0.28349
4717	0.709624	0.303171
4720	0.720405	0.321648
4723	0.723281	0.317671
4726	0.725886	0.321405
4729	0.73221	0.329638
4732	0.736038	0.315748
4735	0.738305	0.307881
4738	0.742167	0.294152
4741	0.740881	0.27901
4744	0.740305	0.281795
4747	0.717629	0.274424
4750	0.669376	0.260381
4753	0.60219	0.248162
4756	0.557795	0.208076
4759	0.478248	0.209824
4762	0.436505	0.175362
4765	0.40609	0.154852
4768	0.378667	0.138114
4771	0.345705	0.127843
4774	0.3334	0.0981667
4777	0.327219	0.0819571
4780	0.32459	0.0652667
4783	0.315676	0.0513143
4786	0.30271	0.0400952
4789	0.283848	0.0296524
4792	0.274395	0.018381
4795	0.270505	0.0180619
4798	0.267052	0.00598571
4801	0.266814	0.00118571
4804	0.266919	0.00067619
4807	0.26749	0.000595238
4810	0.260919	0.00110952
4813	0.249452	0.000890476
4816	0.240381	0.00126667
4819	0.2157	0.0071619
4822	0.215838	0.00125238
4825	0.215214	0.00183333
4828	0.215205	0.00189524
4831	0.215233	0.00157619
4834	0.212005	0.0142857
4837	0.21229	0.0050381
4840	0.212271	0.00423333
4843	0.211938	0.0052
4846	0.211129	0.00550476
4849	0.210295	0.00499048
4852	0.210181	0.00525714
4855	0.210057	0.00445238
4858	0.209633	0.0111381
4861	0.210024	0.0055381
4864	0.209638	0.00484762
4867	0.2097	0.00528571
4870	0.20961	0.00389524
4873	0.209905	0.00514286
4876	0.209695	0.0048
4879	0.209505	0.0041619
4882	0.209143	0.00502381
4885	0.208671	0.00791905
4888	0.208614	0.00481905
4891	0.20859	0.00469048
4894	0.208762	0.00475714
4897	0.208	0.00445714
4900	0.207757	0.00312381
4903	0.2079	0.00333333
4906	0.207762	0.00317143
4909	0.205314	0.00715238
4912	0.204695	0.00301905
4915	0.20411	0.00500952
4918	0.214586	0.0338381
4921	0.241081	0.0588095
4924	0.272952	0.0677286
4927	0.300771	0.0921714
4930	0.317333	0.107819
4933	0.3401	0.1331
4936	0.38779	0.129248
4939	0.468633	0.132981
4942	0.512638	0.120062
4945	0.52481	0.114971
4948	0.531557	0.107986
4951	0.520233	0.0986524
4954	0.509319	0.0916714
4957	0.45459	0.085819
4960	0.396424	0.0869476
4963	0.362938	0.0631095
4966	0.300167	0.065181
4969	0.280633	0.0703667
4972	0.29041	0.103895
4975	0.312052	0.128581
4978	0.336843	0.143443
4981	0.352781	0.146224
4984	0.351152	0.144024
4987	0.34919	0.1339
4990	0.342852	0.125595
4993	0.325171	0.120919
4996	0.304686	0.11669
4999	0.287514	0.107243
5002	0.274943	0.0969476
5005	0.269671	0.0888476
5008	0.256838	0.0860143
5011	0.250281	0.0679571
5014	0.244252	0.0567952
5017	0.23721	0.0410857
5020	0.232867	0.0393762
5023	0.231586	0.0393619
5026	0.240476	0.0357857
5029	0.250386	0.0311524
5032	0.257333	0.0249095
5035	0.24749	0.0292095
5038	0.240371	0.023719
5041	0.2325	0.0233238
5044	0.227767	0.0231381
5047	0.237305	0.0318571
5050	0.250352	0.0492524
5053	0.262643	0.0658952
5056	0.284952	0.0773333
5059	0.322895	0.0996143
5062	0.377219	0.101619
5065	0.430738	0.105567
5068	0.457438	0.11711
5071	0.491762	0.136305
5074	0.524819	0.150395
5077	0.54919	0.161157
5080	0.567081	0.164671
5083	0.583957	0.171652
5086	0.572062	0.176276
5089	0.511362	0.181852
5092	0.4071	0.176676
5095	0.358829	0.158124
5098	0.3261	0.146438
5101	0.289762	0.130343
5104	0.251476	0.113071
5107	0.220657	0.0910524
5110	0.20421	0.082181
5113	0.203862	0.0675
5116	0.206443	0.0599095
5119	0.206462	0.0439571
5122	0.1933	0.029719
5125	0.174586	0.0199714
5128	0.164157	0.0074381
5131	0.162671	0.000585714
5134	0.160348	0.00817619
5137	0.160933	0.0008
5140	0.161224	0.000428571
5143	0.161476	0.000219048
5146	0.161581	9.52381e-05
5149	0.161914	9.04762e-05
5152	0.161786	7.14286e-05
5155	0.161895	3.80952e-05
5158	0.161633	0.00642857
5161	0.162448	0.000866667
5164	0.162543	0.000314286
5167	0.162971	0.000485714
5170	0.162886	0.000219048
5173	0.163043	0.000138095
5176	0.163157	6.66667e-05
5179	0.163371	4.28571e-05
5182	0.163133	5.2381e-05
5185	0.162433	0.00434762
5188	0.162533	0.000295238
5191	0.162795	0.00022381
5194	0.162486	0.00440476
5197	0.162833	0.000433333
5200	0.162514	0.000366667
5203	0.162533	0.000128571
5206	0.162567	0.000166667
5209	0.162614	0.0001
5212	0.1624	0.000133333
5215	0.162305	6.19048e-05
5218	0.162	5.2381e-05
5221	0.163219	0.00534286
5224	0.16321	0.000961905
5227	0.1632	0.000266667
5230	0.163571	0.000490476
5233	0.16329	8.57143e-05
5236	0.162957	9.04762e-05
5239	0.162629	0.000142857
5242	0.162476	3.80952e-05
5245	0.158295	0.0042619
5248	0.158586	0.000280952
5251	0.158695	0.000219048
5254	0.15881	0.000180952
5257	0.169429	0.0167
5260	0.189067	0.0363381
5263	0.213857	0.0548905
5266	0.243962	0.0673571
5269	0.296024	0.0769524
5272	0.321552	0.0689619
5275	0.34269	0.067819
5278	0.357957	0.0639714
5281	0.367614	0.0616
5284	0.37181	0.0581238
5287	0.374243	0.059081
5290	0.381305	0.0827238
5293	0.387148	0.102476
5296	0.403752	0.12809
5299	0.438457	0.118362
5302	0.493724	0.120419
5305	0.530519	0.10921
5308	0.557833	0.104733
5311	0.576343	0.0975
5314	0.593062	0.0923095
5317	0.606729	0.0840429
5320	0.633462	0.0906857
5323	0.634876	0.070219
5326	0.639	0.0684381
5329	0.638305	0.0716238
5332	0.628933	0.0875857
5335	0.623057	0.0939857
5338	0.615948	0.100148
5341	0.609405	0.0973048
5344	0.581757	0.113395
5347	0.587743	0.0938286
5350	0.588067	0.100552
5353	0.589781	0.116267
5356	0.586952	0.130986
5359	0.587943	0.15061
5362	0.567057	0.173752
5365	0.557767	0.160843
5368	0.521486	0.161848
5371	0.507267	0.1693
5374	0.511652	0.1397
5377	0.513981	0.130614
5380	0.515024	0.121052
5383	0.505848	0.114929
5386	0.497414	0.124486
5389	0.489486	0.126452
5392	0.480714	0.125057
5395	0.4697	0.1602
5398	0.477976	0.132619
5401	0.480143	0.123162
5404	0.482848	0.118919
5407	0.485676	0.114967
5410	0.490943	0.107357
5413	0.49599	0.0993048
5416	0.50189	0.108138
5419	0.500943	0.153624
5422	0.511081	0.125362
5425	0.525548	0.119762
5428	0.532586	0.116681
5431	0.534157	0.122314
5434	0.534948	0.128667
5437	0.540471	0.129905
5440	0.545805	0.133167
5443	0.548614	0.136357
5446	0.552081	0.199971
5449	0.5615	0.153852
5452	0.569052	0.149733
5455	0.573386	0.138429
5458	0.57749	0.131262
5461	0.582071	0.127233
5464	0.592724	0.115819
5467	0.6012	0.103838
5470	0.622076	0.155181
5473	0.624657	0.0947952
5476	0.627362	0.0916905
5479	0.629343	0.0937905
5482	0.630495	0.097019
5485	0.630614	0.0951429
5488	0.629567	0.0921429
5491	0.628938	0.0917667
5494	0.640581	0.152443
5497	0.644957	0.0969238
5500	0.663043	0.0903905
5503	0.682714	0.0877
5506	0.691362	0.0776476
5509	0.698205	0.0718476
5512	0.701819	0.0754857
5515	0.703333	0.0731857
5518	0.70319	0.0709857
5521	0.711514	0.148129
5524	0.711262	0.0830619
5527	0.710214	0.0863667
5530	0.710652	0.0775619
5533	0.71079	0.0841857
5536	0.709481	0.0927286
5539	0.708481	0.083719
5542	0.708648	0.0779429
5545	0.709824	0.142414
5548	0.710038	0.075419
5551	0.710514	0.0678
5554	0.710043	0.0677333
5557	0.70979	0.0684333
5560	0.7091	0.0663619
5563	0.707795	0.0737952
5566	0.706471	0.0784619
5569	0.701976	0.163219
5572	0.699581	0.109205
5575	0.699	0.1066
5578	0.699105	0.107719
5581	0.699467	0.1053
5584	0.698938	0.095881
5587	0.699981	0.0919095
5590	0.700914	0.0868476
5593	0.70181	0.0796619
5596	0.7	0.144624
5599	0.699338	0.0765
5602	0.698957	0.0633619
5605	0.698595	0.062
5608	0.698476	0.0614762
5611	0.696648	0.0595381
5614	0.6943	0.0580762
5617	0.693567	0.0583714
5620	0.690724	0.126271
5623	0.690071	0.0666619
5626	0.689719	0.0576905
5629	0.689024	0.0531571
5632	0.689076	0.0499238
5635	0.689681	0.0468
5638	0.689629	0.0392429
5641	0.690386	0.0380905
5644	0.69251	0.120648
5647	0.692405	0.0391571
5650	0.692786	0.0379333
5653	0.690371	0.0402286
5656	0.688229	0.0404714
5659	0.688329	0.0377476
5662	0.688314	0.0361524
5665	0.689157	0.0335143
5668	0.689324	0.0298905
5671	0.689881	0.0958095
5674	0.68981	0.0347048
5677	0.690533	0.0313905
5680	0.690776	0.0304667
5683	0.690214	0.0290381
5686	0.690062	0.025181
5689	0.690371	0.0282571
5692	0.690633	0.0264952
5695	0.691843	0.0917
5698	0.691886	0.0333952
5701	0.690376	0.0306095
5704	0.68801	0.0218619
5707	0.687629	0.0178571
5710	0.684933	0.0190905
5713	0.681881	0.0172524
5716	0.680233	0.0147952
5719	0.680881	0.0843143
5722	0.680852	0.00821429
5725	0.680667	0.0097619
5728	0.68039	0.00731429
5731	0.679976	0.00974286
5734	0.67979	0.00676667
